0 1000 0 0 50 5000 125 0 
0.01 990.05 9.85116 0.0980208 48.0404 4854.16 268.851 3.9506 
0.02 980.199 19.4092 0.384329 46.1634 4712.55 405.585 10.7066 
0.03 970.446 28.681 0.847652 44.3711 4575.06 535.468 20.1283 
0.04 960.789 37.6731 1.47718 42.6651 4441.56 658.754 32.0813 
0.05 951.229 46.392 2.26257 41.0469 4311.94 775.692 46.4362 
0.06 941.765 54.8441 3.19387 39.5174 4186.09 886.521 63.0683 
0.07 932.394 63.0356 4.2616 38.0773 4063.9 991.472 81.8578 
0.08 923.116 70.9726 5.45663 36.727 3945.27 1090.77 102.69 
0.09 913.931 78.661 6.77026 35.4665 3830.09 1184.63 125.452 
0.1 904.837 86.1067 8.19413 34.2958 3718.27 1273.26 150.04 
0.11 895.834 93.3153 9.72027 33.2143 3609.71 1356.86 176.349 
0.12 886.92 100.293 11.341 32.2216 3504.31 1435.63 204.282 
0.13 878.095 107.044 13.0491 31.3168 3402 1509.76 233.743 
0.14 869.358 113.574 14.8376 30.4989 3302.67 1579.42 264.642 
0.15 860.708 119.89 16.6997 29.7667 3206.25 1644.8 296.892 
0.16 852.144 125.995 18.6291 29.119 3112.65 1706.06 330.407 
0.17 843.665 131.894 20.6198 28.5544 3021.79 1763.37 365.108 
0.18 835.27 137.594 22.6658 28.0713 2933.6 1816.88 400.916 
0.19 826.959 143.098 24.7618 27.6681 2848 1866.76 437.759 
0.2 818.731 148.411 26.9023 27.343 2764.91 1913.14 475.563 
0.21 810.584 153.537 29.0824 27.0942 2684.27 1956.17 514.262 
0.22 802.519 158.482 31.2973 26.9198 2606 1995.99 553.789 
0.23 794.534 163.25 33.5424 26.8178 2530.04 2032.74 594.081 
0.24 786.628 167.844 35.8133 26.7862 2456.32 2066.53 635.079 
0.25 778.801 172.27 38.106 26.823 2384.78 2097.5 676.724 
0.26 771.052 176.531 40.4165 26.926 2315.36 2125.76 718.961 
0.27 763.379 180.631 42.7411 27.0932 2247.99 2151.43 761.737 
0.28 755.784 184.575 45.0761 27.3223 2182.63 2174.61 805.001 
0.29 748.264 188.365 47.4184 27.6112 2119.2 2195.43 848.705 
0.3 740.818 192.007 49.7646 27.9578 2057.67 2213.98 892.803 
0.31 733.447 195.503 52.1118 28.3598 1997.96 2230.37 937.25 
0.32 726.149 198.857 54.4571 28.815 1940.04 2244.68 982.004 
0.33 718.924 202.072 56.7978 29.3213 1883.85 2257.01 1027.02 
0.34 711.77 205.153 59.1313 29.8764 1829.34 2267.46 1072.27 
0.35 704.688 208.103 61.4552 30.4783 1776.46 2276.1 1117.71 
0.36 697.676 210.924 63.7673 31.1248 1725.17 2283.03 1163.3 
0.37 690.734 213.62 66.0655 31.8137 1675.43 2288.32 1209.02 
0.38 683.861 216.195 68.3476 32.5429 1627.18 2292.05 1254.83 
0.39 677.057 218.651 70.6118 33.3104 1580.39 2294.29 1300.69 
0.4 670.32 220.991 72.8563 34.1141 1535.01 2295.12 1346.59 
0.41 663.65 223.219 75.0795 34.952 1491 2294.61 1392.49 
0.42 657.047 225.336 77.2798 35.8221 1448.33 2292.82 1438.37 
0.43 650.509 227.347 79.4557 36.7224 1406.95 2289.82 1484.19 
0.44 644.036 229.254 81.6059 37.651 1366.84 2285.66 1529.95 
0.45 637.628 231.058 83.7291 38.606 1327.94 2280.42 1575.61 
0.46 631.284 232.765 85.8241 39.5856 1290.24 2274.14 1621.16 
0.47 625.002 234.374 87.8899 40.588 1253.69 2266.89 1666.57 
0.48 618.783 235.891 89.9254 41.6114 1218.25 2258.71 1711.83 
0.49 612.626 237.315 91.9297 42.6541 1183.91 2249.65 1756.91 
0.5 606.531 238.651 93.9019 43.7143 1150.62 2239.77 1801.81 
0.51 600.496 239.901 95.8414 44.7905 1118.36 2229.11 1846.5 
0.52 594.521 241.066 97.7473 45.881 1087.09 2217.72 1890.97 
0.53 588.605 242.149 99.619 46.9843 1056.79 2205.64 1935.2 
0.54 582.748 243.153 101.456 48.0989 1027.43 2192.92 1979.19 
0.55 576.95 244.079 103.258 49.2233 998.987 2179.59 2022.92 
0.56 571.209 244.929 105.023 50.356 971.425 2165.69 2066.37 
0.57 565.525 245.706 106.753 51.4958 944.722 2151.26 2109.54 
0.58 559.898 246.412 108.446 52.6411 918.853 2136.33 2152.42 
0.59 554.327 247.049 110.103 53.7908 893.794 2120.95 2194.99 
0.6 548.812 247.617 111.722 54.9436 869.521 2105.13 2237.25 
0.61 543.351 248.121 113.304 56.0983 846.01 2088.92 2279.19 
0.62 537.944 248.56 114.849 57.2536 823.24 2072.35 2320.81 
0.63 532.592 248.938 116.356 58.4085 801.189 2055.43 2362.09 
0.64 527.292 249.255 117.825 59.5619 779.835 2038.21 2403.02 
0.65 522.046 249.514 119.256 60.7127 759.157 2020.7 2443.61 
0.66 516.851 249.716 120.65 61.8599 739.136 2002.94 2483.85 
0.67 511.709 249.863 122.006 63.0026 719.751 1984.94 2523.73 
0.68 506.617 249.956 123.324 64.1398 700.985 1966.73 2563.24 
0.69 501.576 249.998 124.605 65.2706 682.817 1948.34 2602.4 
0.7 496.585 249.988 125.848 66.3941 665.231 1929.78 2641.18 
0.71 491.644 249.93 127.053 67.5096 648.209 1911.07 2679.59 
0.72 486.752 249.824 128.222 68.6163 631.734 1892.23 2717.62 
0.73 481.909 249.673 129.353 69.7134 615.789 1873.29 2755.27 
0.74 477.114 249.476 130.448 70.8002 600.358 1854.25 2792.55 
0.75 472.367 249.236 131.505 71.876 585.426 1835.14 2829.44 
0.76 467.666 248.955 132.527 72.9402 570.978 1815.98 2865.96 
0.77 463.013 248.632 133.512 73.9922 556.998 1796.77 2902.08 
0.78 458.406 248.27 134.462 75.0314 543.473 1777.53 2937.83 
0.79 453.845 247.87 135.375 76.0572 530.388 1758.28 2973.18 
0.8 449.329 247.432 136.254 77.0692 517.73 1739.03 3008.16 
0.81 444.858 246.959 137.098 78.0668 505.485 1719.79 3042.75 
0.82 440.432 246.452 137.907 79.0495 493.642 1700.57 3076.95 
0.83 436.049 245.91 138.681 80.0171 482.186 1681.39 3110.77 
0.84 431.711 245.337 139.422 80.9689 471.108 1662.25 3144.2 
0.85 427.415 244.731 140.13 81.9048 460.394 1643.17 3177.26 
0.86 423.162 244.096 140.804 82.8242 450.033 1624.15 3209.93 
0.87 418.952 243.431 141.445 83.7269 440.014 1605.21 3242.23 
0.88 414.783 242.738 142.054 84.6127 430.327 1586.34 3274.14 
0.89 410.656 242.018 142.632 85.4811 420.96 1567.57 3305.68 
0.9 406.57 241.271 143.177 86.332 411.904 1548.9 3336.84 
0.91 402.524 240.498 143.692 87.1651 403.149 1530.33 3367.64 
0.92 398.519 239.702 144.176 87.9802 394.685 1511.88 3398.06 
0.93 394.554 238.881 144.63 88.7772 386.503 1493.54 3428.11 
0.94 390.628 238.038 145.054 89.5558 378.594 1475.33 3457.8 
0.95 386.741 237.172 145.448 90.3159 370.949 1457.25 3487.13 
0.96 382.893 236.286 145.814 91.0574 363.56 1439.3 3516.09 
0.97 379.083 235.379 146.151 91.7801 356.417 1421.49 3544.7 
0.98 375.311 234.453 146.46 92.484 349.514 1403.83 3572.95 
0.99 371.577 233.507 146.742 93.169 342.843 1386.31 3600.85 
1 367.879 232.544 146.996 93.8349 336.395 1368.94 3628.41 
1.01 364.219 231.564 147.224 94.4819 330.163 1351.74 3655.61 
1.02 360.595 230.566 147.425 95.1098 324.141 1334.69 3682.48 
1.03 357.007 229.553 147.601 95.7186 318.321 1317.8 3709 
1.04 353.455 228.524 147.751 96.3084 312.697 1301.07 3735.19 
1.05 349.938 227.481 147.877 96.879 307.262 1284.52 3761.04 
1.06 346.456 226.424 147.978 97.4307 302.01 1268.13 3786.57 
1.07 343.009 225.354 148.055 97.9633 296.934 1251.91 3811.77 
1.08 339.596 224.27 148.109 98.477 292.029 1235.87 3836.65 
1.09 336.216 223.175 148.14 98.9717 287.289 1220 3861.21 
1.1 332.871 222.068 148.148 99.4476 282.707 1204.31 3885.45 
1.11 329.559 220.95 148.134 99.9048 278.28 1188.79 3909.38 
1.12 326.28 219.821 148.098 100.343 274.001 1173.45 3933 
1.13 323.033 218.683 148.041 100.763 269.866 1158.29 3956.32 
1.14 319.819 217.535 147.963 101.165 265.869 1143.31 3979.34 
1.15 316.637 216.378 147.865 101.548 262.005 1128.51 4002.05 
1.16 313.486 215.213 147.746 101.913 258.271 1113.89 4024.48 
1.17 310.367 214.039 147.609 102.26 254.661 1099.45 4046.61 
1.18 307.279 212.859 147.452 102.589 251.17 1085.2 4068.46 
1.19 304.221 211.671 147.276 102.9 247.796 1071.12 4090.02 
1.2 301.194 210.476 147.082 103.193 244.533 1057.22 4111.3 
1.21 298.197 209.276 146.87 103.469 241.378 1043.5 4132.31 
1.22 295.23 208.069 146.641 103.728 238.327 1029.96 4153.04 
1.23 292.293 206.858 146.395 103.97 235.376 1016.6 4173.51 
1.24 289.384 205.641 146.132 104.194 232.521 1003.42 4193.71 
1.25 286.505 204.42 145.853 104.402 229.759 990.415 4213.65 
1.26 283.654 203.194 145.558 104.593 227.086 977.588 4233.33 
1.27 280.832 201.965 145.247 104.768 224.5 964.936 4252.75 
1.28 278.037 200.733 144.921 104.927 221.997 952.46 4271.93 
1.29 275.271 199.497 144.581 105.069 219.573 940.157 4290.85 
1.3 272.532 198.258 144.227 105.196 217.227 928.028 4309.53 
1.31 269.82 197.017 143.858 105.307 214.954 916.069 4327.97 
1.32 267.135 195.774 143.476 105.403 212.753 904.282 4346.18 
1.33 264.477 194.529 143.081 105.484 210.621 892.663 4364.15 
1.34 261.846 193.283 142.672 105.549 208.554 881.212 4381.88 
1.35 259.24 192.035 142.252 105.6 206.55 869.927 4399.4 
1.36 256.661 190.786 141.819 105.636 204.608 858.807 4416.68 
1.37 254.107 189.537 141.374 105.658 202.724 847.851 4433.75 
1.38 251.579 188.287 140.918 105.666 200.896 837.056 4450.6 
1.39 249.075 187.037 140.451 105.66 199.123 826.422 4467.23 
1.4 246.597 185.787 139.972 105.641 197.401 815.946 4483.66 
1.41 244.143 184.537 139.484 105.607 195.729 805.628 4499.87 
1.42 241.714 183.288 138.985 105.561 194.105 795.464 4515.88 
1.43 239.309 182.04 138.476 105.502 192.527 785.455 4531.69 
1.44 236.928 180.793 137.958 105.43 190.993 775.597 4547.3 
1.45 234.57 179.547 137.431 105.345 189.501 765.89 4562.72 
1.46 232.236 178.303 136.894 105.248 188.05 756.331 4577.94 
1.47 229.925 177.06 136.349 105.139 186.638 746.919 4592.97 
1.48 227.638 175.819 135.796 105.018 185.263 737.652 4607.82 
1.49 225.373 174.58 135.234 104.885 183.923 728.528 4622.48 
1.5 223.13 173.343 134.665 104.741 182.617 719.546 4636.96 
1.51 220.91 172.109 134.088 104.586 181.345 710.703 4651.26 
1.52 218.712 170.877 133.504 104.42 180.103 701.998 4665.39 
1.53 216.536 169.648 132.913 104.243 178.892 693.428 4679.34 
1.54 214.381 168.422 132.315 104.055 177.709 684.993 4693.12 
1.55 212.248 167.199 131.711 103.857 176.553 676.691 4706.74 
1.56 210.136 165.979 131.101 103.649 175.424 668.518 4720.19 
1.57 208.045 164.762 130.484 103.431 174.319 660.475 4733.48 
1.58 205.975 163.549 129.862 103.204 173.239 652.558 4746.61 
1.59 203.926 162.34 129.235 102.967 172.181 644.766 4759.59 
1.6 201.897 161.134 128.602 102.721 171.145 637.097 4772.4 
1.61 199.888 159.933 127.964 102.465 170.13 629.55 4785.07 
1.62 197.899 158.735 127.321 102.201 169.134 622.123 4797.59 
1.63 195.93 157.541 126.674 101.929 168.157 614.813 4809.96 
1.64 193.98 156.352 126.023 101.648 167.199 607.619 4822.18 
1.65 192.05 155.167 125.367 101.358 166.257 600.539 4834.26 
1.66 190.139 153.986 124.707 101.061 165.332 593.572 4846.2 
1.67 188.247 152.81 124.044 100.756 164.422 586.716 4858.01 
1.68 186.374 151.639 123.377 100.443 163.526 579.968 4869.67 
1.69 184.52 150.472 122.707 100.123 162.645 573.328 4881.2 
1.7 182.684 149.31 122.034 99.7959 161.777 566.793 4892.61 
1.71 180.866 148.153 121.357 99.4616 160.922 560.362 4903.88 
1.72 179.066 147.001 120.678 99.1205 160.079 554.034 4915.02 
1.73 177.284 145.855 119.997 98.7727 159.247 547.805 4926.04 
1.74 175.52 144.713 119.313 98.4185 158.426 541.676 4936.93 
1.75 173.774 143.577 118.627 98.0581 157.615 535.643 4947.71 
1.76 172.045 142.445 117.938 97.6915 156.813 529.706 4958.36 
1.77 170.333 141.32 117.248 97.3191 156.021 523.863 4968.9 
1.78 168.638 140.199 116.556 96.941 155.237 518.112 4979.32 
1.79 166.96 139.084 115.863 96.5573 154.462 512.452 4989.62 
1.8 165.299 137.975 115.168 96.1682 153.694 506.882 4999.81 
1.81 163.654 136.871 114.472 95.7739 152.933 501.398 5009.9 
1.82 162.026 135.773 113.775 95.3747 152.18 496.001 5019.87 
1.83 160.414 134.681 113.076 94.9705 151.433 490.689 5029.74 
1.84 158.817 133.594 112.377 94.5617 150.691 485.459 5039.5 
1.85 157.237 132.514 111.678 94.1483 149.956 480.311 5049.16 
1.86 155.673 131.439 110.977 93.7305 149.226 475.243 5058.71 
1.87 154.124 130.37 110.277 93.3085 148.501 470.254 5068.17 
1.88 152.59 129.306 109.575 92.8825 147.78 465.343 5077.52 
1.89 151.072 128.249 108.874 92.4525 147.064 460.507 5086.78 
1.9 149.569 127.198 108.173 92.0188 146.353 455.746 5095.94 
1.91 148.08 126.153 107.472 91.5814 145.645 451.058 5105.01 
1.92 146.607 125.113 106.771 91.1406 144.94 446.442 5113.99 
1.93 145.148 124.08 106.07 90.6965 144.239 441.896 5122.87 
1.94 143.704 123.053 105.37 90.2492 143.542 437.42 5131.66 
1.95 142.274 122.032 104.67 89.7988 142.847 433.012 5140.37 
1.96 140.858 121.017 103.971 89.3455 142.155 428.67 5148.98 
1.97 139.457 120.009 103.273 88.8895 141.465 424.394 5157.51 
1.98 138.069 119.006 102.575 88.4308 140.778 420.182 5165.96 
1.99 136.695 118.01 101.878 87.9695 140.093 416.033 5174.32 
2 135.335 117.02 101.183 87.5059 139.41 411.945 5182.6 
2.01 133.989 116.036 100.488 87.0401 138.729 407.919 5190.8 
2.02 132.655 115.058 99.7949 86.5721 138.049 403.952 5198.92 
2.03 131.336 114.087 99.1029 86.102 137.371 400.044 5206.96 
2.04 130.029 113.121 98.4122 85.6301 136.695 396.192 5214.92 
2.05 128.735 112.162 97.723 85.1564 136.02 392.397 5222.81 
2.06 127.454 111.209 97.0354 84.681 135.346 388.657 5230.62 
2.07 126.186 110.263 96.3493 84.2041 134.674 384.971 5238.35 
2.08 124.93 109.323 95.665 83.7257 134.002 381.338 5246.02 
2.09 123.687 108.389 94.9823 83.246 133.332 377.758 5253.61 
2.1 122.456 107.461 94.3016 82.765 132.662 374.228 5261.13 
2.11 121.238 106.539 93.6227 82.2829 131.993 370.748 5268.58 
2.12 120.032 105.624 92.9458 81.7998 131.325 367.317 5275.96 
2.13 118.837 104.715 92.2709 81.3157 130.658 363.934 5283.27 
2.14 117.655 103.812 91.5982 80.8308 129.991 360.599 5290.51 
2.15 116.484 102.916 90.9276 80.3451 129.325 357.31 5297.69 
2.16 115.325 102.025 90.2592 79.8589 128.659 354.066 5304.81 
2.17 114.178 101.141 89.593 79.372 127.994 350.866 5311.86 
2.18 113.042 100.263 88.9292 78.8847 127.329 347.71 5318.84 
2.19 111.917 99.3914 88.2678 78.397 126.665 344.597 5325.77 
2.2 110.803 98.5258 87.6088 77.909 126.001 341.526 5332.63 
2.21 109.701 97.6664 86.9523 77.4209 125.337 338.496 5339.43 
2.22 108.609 96.8132 86.2984 76.9325 124.674 335.506 5346.17 
2.23 107.528 95.9661 85.647 76.4442 124.012 332.556 5352.85 
2.24 106.459 95.1251 84.9982 75.9559 123.349 329.644 5359.47 
2.25 105.399 94.2902 84.3521 75.4676 122.687 326.771 5366.03 
2.26 104.35 93.4615 83.7087 74.9796 122.025 323.934 5372.54 
2.27 103.312 92.6388 83.0681 74.4918 121.364 321.135 5378.99 
2.28 102.284 91.8221 82.4302 74.0044 120.703 318.371 5385.39 
2.29 101.266 91.0116 81.7951 73.5173 120.042 315.642 5391.73 
2.3 100.259 90.207 81.163 73.0307 119.382 312.947 5398.01 
2.31 99.2613 89.4085 80.5337 72.5446 118.722 310.287 5404.24 
2.32 98.2736 88.6159 79.9073 72.0592 118.062 307.659 5410.42 
2.33 97.2957 87.8293 79.2839 71.5744 117.403 305.064 5416.55 
2.34 96.3276 87.0486 78.6634 71.0903 116.744 302.5 5422.63 
2.35 95.3692 86.2739 78.046 70.607 116.085 299.968 5428.65 
2.36 94.4202 85.505 77.4316 70.1245 115.427 297.467 5434.62 
2.37 93.4807 84.7421 76.8203 69.6429 114.77 294.995 5440.55 
2.38 92.5506 83.985 76.2121 69.1623 114.112 292.553 5446.42 
2.39 91.6297 83.2337 75.607 68.6827 113.456 290.139 5452.25 
2.4 90.718 82.4882 75.005 68.2041 112.8 287.754 5458.03 
2.41 89.8153 81.7485 74.4062 67.7267 112.144 285.397 5463.76 
2.42 88.9216 81.0146 73.8106 67.2504 111.489 283.067 5469.45 
2.43 88.0368 80.2863 73.2182 66.7753 110.835 280.764 5475.08 
2.44 87.1609 79.5638 72.629 66.3015 110.181 278.486 5480.68 
2.45 86.2936 78.847 72.043 65.8289 109.528 276.235 5486.22 
2.46 85.435 78.1358 71.4603 65.3577 108.876 274.008 5491.73 
2.47 84.5849 77.4303 70.8808 64.8879 108.224 271.807 5497.19 
2.48 83.7432 76.7303 70.3047 64.4196 107.573 269.629 5502.6 
2.49 82.91 76.0359 69.7318 63.9527 106.923 267.476 5507.97 
2.5 82.085 75.3471 69.1622 63.4873 106.274 265.346 5513.3 
2.51 81.2682 74.6637 68.5959 63.0234 105.626 263.238 5518.58 
2.52 80.4596 73.9859 68.033 62.5612 104.979 261.154 5523.83 
2.53 79.659 73.3135 67.4734 62.1005 104.332 259.091 5529.03 
2.54 78.8664 72.6465 66.9171 61.6415 103.687 257.05 5534.19 
2.55 78.0817 71.9849 66.3642 61.1842 103.042 255.03 5539.31 
2.56 77.3047 71.3287 65.8147 60.7287 102.399 253.031 5544.39 
2.57 76.5355 70.6779 65.2685 60.2748 101.757 251.052 5549.43 
2.58 75.774 70.0323 64.7257 59.8228 101.116 249.094 5554.44 
2.59 75.02 69.392 64.1862 59.3726 100.476 247.156 5559.4 
2.6 74.2736 68.757 63.6502 58.9242 99.8368 245.236 5564.32 
2.61 73.5345 68.1272 63.1175 58.4777 99.1993 243.336 5569.21 
2.62 72.8029 67.5026 62.5882 58.033 98.5631 241.455 5574.06 
2.63 72.0785 66.8832 62.0623 57.5903 97.9282 239.592 5578.87 
2.64 71.3613 66.2688 61.5398 57.1495 97.2946 237.747 5583.64 
2.65 70.6512 65.6596 61.0207 56.7107 96.6625 235.919 5588.38 
2.66 69.9482 65.0555 60.505 56.2739 96.0317 234.109 5593.08 
2.67 69.2522 64.4564 59.9926 55.8391 95.4025 232.317 5597.74 
2.68 68.5632 63.8622 59.4837 55.4064 94.7747 230.541 5602.37 
2.69 67.8809 63.2731 58.9781 54.9757 94.1485 228.782 5606.96 
2.7 67.2055 62.6889 58.4759 54.547 93.5239 227.038 5611.52 
2.71 66.5368 62.1097 57.9771 54.1205 92.9009 225.311 5616.04 
2.72 65.8748 61.5353 57.4817 53.696 92.2795 223.6 5620.53 
2.73 65.2193 60.9657 56.9896 53.2737 91.6598 221.904 5624.99 
2.74 64.5703 60.401 56.5009 52.8535 91.0418 220.223 5629.41 
2.75 63.9279 59.8411 56.0156 52.4355 90.4256 218.558 5633.8 
2.76 63.2918 59.2859 55.5336 52.0196 89.8111 216.906 5638.15 
2.77 62.662 58.7355 55.055 51.6059 89.1985 215.27 5642.47 
2.78 62.0385 58.1897 54.5797 51.1944 88.5877 213.647 5646.76 
2.79 61.4212 57.6486 54.1078 50.7851 87.9788 212.039 5651.02 
2.8 60.8101 57.1122 53.6392 50.3781 87.3718 210.445 5655.24 
2.81 60.205 56.5804 53.1739 49.9733 86.7667 208.864 5659.44 
2.82 59.6059 56.0531 52.712 49.5707 86.1636 207.296 5663.6 
2.83 59.0129 55.5303 52.2533 49.1703 85.5626 205.741 5667.73 
2.84 58.4257 55.0121 51.798 48.7722 84.9635 204.2 5671.83 
2.85 57.8443 54.4984 51.3459 48.3764 84.3665 202.671 5675.9 
2.86 57.2688 53.989 50.8972 47.9829 83.7717 201.155 5679.94 
2.87 56.6989 53.4842 50.4517 47.5916 83.1789 199.651 5683.94 
2.88 56.1348 52.9837 50.0094 47.2027 82.5883 198.16 5687.92 
2.89 55.5762 52.4875 49.5704 46.816 81.9998 196.68 5691.87 
2.9 55.0232 51.9957 49.1347 46.4316 81.4136 195.212 5695.79 
2.91 54.4757 51.5081 48.7022 46.0495 80.8295 193.756 5699.68 
2.92 53.9337 51.0248 48.2729 45.6698 80.2478 192.312 5703.54 
2.93 53.397 50.5458 47.8468 45.2923 79.6683 190.879 5707.37 
2.94 52.8657 50.0709 47.4239 44.9172 79.0911 189.457 5711.17 
2.95 52.3397 49.6003 47.0042 44.5444 78.5162 188.046 5714.95 
2.96 51.8189 49.1337 46.5877 44.1739 77.9436 186.646 5718.7 
2.97 51.3033 48.6713 46.1743 43.8057 77.3735 185.257 5722.42 
2.98 50.7928 48.2129 45.7641 43.4399 76.8057 183.878 5726.11 
2.99 50.2874 47.7586 45.357 43.0764 76.2403 182.51 5729.77 
3 49.7871 47.3083 44.953 42.7152 75.6774 181.152 5733.41 
3.01 49.2917 46.862 44.5521 42.3563 75.1169 179.804 5737.02 
3.02 48.8012 46.4197 44.1543 41.9998 74.5589 178.467 5740.6 
3.03 48.3156 45.9812 43.7596 41.6456 74.0034 177.139 5744.16 
3.04 47.8349 45.5467 43.368 41.2937 73.4504 175.821 5747.68 
3.05 47.3589 45.1161 42.9794 40.9442 72.8999 174.513 5751.19 
3.06 46.8877 44.6892 42.5939 40.597 72.3519 173.215 5754.67 
3.07 46.4212 44.2662 42.2113 40.2521 71.8065 171.926 5758.12 
3.08 45.9593 43.847 41.8318 39.9095 71.2637 170.646 5761.54 
3.09 45.502 43.4315 41.4553 39.5692 70.7235 169.376 5764.94 
3.1 45.0492 43.0198 41.0818 39.2313 70.1858 168.114 5768.32 
3.11 44.601 42.6117 40.7112 38.8956 69.6508 166.862 5771.67 
3.12 44.1572 42.2073 40.3436 38.5623 69.1184 165.619 5774.99 
3.13 43.7178 41.8066 39.9789 38.2313 68.5887 164.385 5778.29 
3.14 43.2828 41.4094 39.6171 37.9025 68.0616 163.159 5781.57 
3.15 42.8521 41.0158 39.2582 37.5761 67.5372 161.942 5784.82 
3.16 42.4257 40.6258 38.9022 37.2519 67.0155 160.733 5788.05 
3.17 42.0036 40.2393 38.5491 36.9301 66.4964 159.533 5791.25 
3.18 41.5857 39.8563 38.1988 36.6105 65.9801 158.342 5794.43 
3.19 41.1719 39.4767 37.8514 36.2931 65.4665 157.159 5797.58 
3.2 40.7622 39.1006 37.5068 35.9781 64.9556 155.983 5800.71 
3.21 40.3566 38.728 37.165 35.6653 64.4474 154.816 5803.82 
3.22 39.9551 38.3587 36.826 35.3548 63.9419 153.658 5806.91 
3.23 39.5575 37.9927 36.4898 35.0465 63.4392 152.507 5809.97 
3.24 39.1639 37.6301 36.1563 34.7404 62.9393 151.364 5813.01 
3.25 38.7742 37.2708 35.8256 34.4366 62.4421 150.228 5816.02 
3.26 38.3884 36.9147 35.4976 34.135 61.9477 149.101 5819.02 
3.27 38.0064 36.5619 35.1723 33.8357 61.4561 147.981 5821.99 
3.28 37.6283 36.2124 34.8498 33.5385 60.9672 146.869 5824.93 
3.29 37.2538 35.866 34.5299 33.2436 60.4811 145.765 5827.86 
3.3 36.8832 35.5228 34.2126 32.9508 59.9978 144.667 5830.77 
3.31 36.5162 35.1827 33.898 32.6603 59.5173 143.578 5833.65 
3.32 36.1528 34.8458 33.586 32.3719 59.0396 142.495 5836.51 
3.33 35.7931 34.512 33.2767 32.0857 58.5647 141.42 5839.35 
3.34 35.437 34.1812 32.9699 31.8016 58.0926 140.352 5842.17 
3.35 35.0844 33.8534 32.6657 31.5197 57.6233 139.292 5844.96 
3.36 34.7353 33.5287 32.3641 31.24 57.1568 138.238 5847.74 
3.37 34.3896 33.207 32.065 30.9624 56.6931 137.192 5850.49 
3.38 34.0475 32.8882 31.7685 30.6869 56.2322 136.152 5853.22 
3.39 33.7087 32.5724 31.4744 30.4135 55.7741 135.119 5855.94 
3.4 33.3733 32.2595 31.1829 30.1423 55.3188 134.094 5858.63 
3.41 33.0412 31.9495 30.8938 29.8731 54.8663 133.075 5861.3 
3.42 32.7124 31.6423 30.6072 29.6061 54.4167 132.063 5863.95 
3.43 32.3869 31.338 30.3231 29.3411 53.9698 131.057 5866.58 
3.44 32.0647 31.0365 30.0414 29.0782 53.5258 130.058 5869.2 
3.45 31.7456 30.7379 29.7621 28.8173 53.0845 129.066 5871.79 
3.46 31.4298 30.4419 29.4851 28.5585 52.6461 128.081 5874.36 
3.47 31.117 30.1488 29.2106 28.3017 52.2104 127.102 5876.91 
3.48 30.8074 29.8583 28.9385 28.047 51.7776 126.129 5879.44 
3.49 30.5009 29.5706 28.6686 27.7943 51.3475 125.163 5881.95 
3.5 30.1974 29.2855 28.4012 27.5436 50.9203 124.204 5884.45 
3.51 29.8969 29.0031 28.136 27.2948 50.4958 123.25 5886.92 
3.52 29.5994 28.7233 27.8731 27.0481 50.0741 122.303 5889.38 
3.53 29.3049 28.4461 27.6125 26.8034 49.6552 121.363 5891.82 
3.54 29.0133 28.1716 27.3542 26.5606 49.2391 120.428 5894.23 
3.55 28.7246 27.8995 27.0981 26.3198 48.8257 119.5 5896.63 
3.56 28.4388 27.6301 26.8443 26.0809 48.4151 118.578 5899.01 
3.57 28.1559 27.3631 26.5927 25.844 48.0073 117.662 5901.38 
3.58 27.8757 27.0986 26.3433 25.6089 47.6022 116.752 5903.72 
3.59 27.5983 26.8367 26.096 25.3758 47.1999 115.848 5906.05 
3.6 27.3237 26.5771 25.851 25.1446 46.8003 114.95 5908.35 
3.61 27.0518 26.32 25.608 24.9153 46.4034 114.058 5910.64 
3.62 26.7827 26.0654 25.3673 24.6879 46.0093 113.172 5912.92 
3.63 26.5162 25.8131 25.1286 24.4623 45.6179 112.291 5915.17 
3.64 26.2523 25.5632 24.8921 24.2386 45.2292 111.417 5917.41 
3.65 25.9911 25.3156 24.6576 24.0168 44.8432 110.548 5919.63 
3.66 25.7325 25.0704 24.4252 23.7967 44.4599 109.686 5921.83 
3.67 25.4765 24.8274 24.1949 23.5785 44.0794 108.829 5924.01 
3.68 25.223 24.5868 23.9666 23.3621 43.7015 107.977 5926.18 
3.69 24.972 24.3484 23.7404 23.1475 43.3262 107.132 5928.33 
3.7 24.7235 24.1123 23.5161 22.9348 42.9537 106.292 5930.47 
3.71 24.4775 23.8784 23.2939 22.7237 42.5838 105.457 5932.59 
3.72 24.234 23.6467 23.0736 22.5145 42.2166 104.628 5934.69 
3.73 23.9928 23.4172 22.8553 22.307 41.852 103.805 5936.77 
3.74 23.7541 23.1898 22.639 22.1012 41.49 102.987 5938.84 
3.75 23.5177 22.9647 22.4246 21.8972 41.1307 102.175 5940.89 
3.76 23.2837 22.7416 22.2121 21.6949 40.7739 101.368 5942.93 
3.77 23.0521 22.5207 22.0015 21.4944 40.4198 100.567 5944.94 
3.78 22.8227 22.3018 21.7928 21.2955 40.0683 99.7706 5946.95 
3.79 22.5956 22.085 21.586 21.0983 39.7193 98.9799 5948.94 
3.8 22.3708 21.8703 21.3811 20.9028 39.373 98.1945 5950.91 
3.81 22.1482 21.6576 21.178 20.7089 39.0292 97.4145 5952.86 
3.82 21.9278 21.447 20.9767 20.5167 38.6879 96.6397 5954.8 
3.83 21.7096 21.2383 20.7772 20.3262 38.3492 95.8702 5956.73 
3.84 21.4936 21.0316 20.5796 20.1373 38.0131 95.1058 5958.64 
3.85 21.2797 20.8269 20.3837 19.95 37.6794 94.3467 5960.53 
3.86 21.068 20.6241 20.1896 19.7643 37.3483 93.5927 5962.41 
3.87 20.8584 20.4233 19.9973 19.5802 37.0197 92.8439 5964.28 
3.88 20.6508 20.2244 19.8067 19.3977 36.6935 92.1001 5966.13 
3.89 20.4453 20.0273 19.6179 19.2168 36.3699 91.3615 5967.96 
3.9 20.2419 19.8322 19.4307 19.0374 36.0487 90.6279 5969.78 
3.91 20.0405 19.6389 19.2453 18.8596 35.7299 89.8993 5971.59 
3.92 19.8411 19.4474 19.0616 18.6834 35.4137 89.1757 5973.38 
3.93 19.6437 19.2578 18.8795 18.5086 35.0998 88.4571 5975.15 
3.94 19.4482 19.07 18.6991 18.3354 34.7884 87.7434 5976.92 
3.95 19.2547 18.884 18.5204 18.1638 34.4793 87.0346 5978.66 
3.96 19.0631 18.6997 18.3432 17.9936 34.1727 86.3307 5980.4 
3.97 18.8734 18.5172 18.1677 17.8249 33.8684 85.6317 5982.12 
3.98 18.6856 18.3365 17.9939 17.6576 33.5666 84.9376 5983.82 
3.99 18.4997 18.1575 17.8216 17.4919 33.2671 84.2482 5985.51 
4 18.3156 17.9802 17.6509 17.3276 32.9699 83.5637 5987.19 
4.01 18.1334 17.8046 17.4817 17.1647 32.6751 82.8839 5988.86 
4.02 17.953 17.6307 17.3141 17.0033 32.3826 82.2088 5990.51 
4.03 17.7743 17.4584 17.1481 16.8433 32.0924 81.5385 5992.15 
4.04 17.5975 17.2878 16.9836 16.6847 31.8045 80.8728 5993.77 
4.05 17.4224 17.1188 16.8206 16.5275 31.5189 80.2118 5995.38 
4.06 17.249 16.9515 16.6591 16.3717 31.2355 79.5555 5996.98 
4.07 17.0774 16.7858 16.4991 16.2173 30.9545 78.9037 5998.56 
4.08 16.9075 16.6216 16.3406 16.0643 30.6757 78.2566 6000.13 
4.09 16.7392 16.459 16.1835 15.9126 30.3991 77.614 6001.69 
4.1 16.5727 16.298 16.0279 15.7623 30.1247 76.9759 6003.24 
4.11 16.4078 16.1386 15.8738 15.6133 29.8526 76.3424 6004.77 
4.12 16.2445 15.9806 15.721 15.4657 29.5826 75.7134 6006.29 
4.13 16.0829 15.8242 15.5697 15.3193 29.3149 75.0888 6007.8 
4.14 15.9229 15.6693 15.4198 15.1743 29.0493 74.4687 6009.3 
4.15 15.7644 15.5159 15.2713 15.0306 28.7858 73.853 6010.78 
4.16 15.6076 15.364 15.1242 14.8881 28.5246 73.2417 6012.25 
4.17 15.4523 15.2135 14.9784 14.747 28.2654 72.6348 6013.71 
4.18 15.2985 15.0645 14.834 14.6071 28.0084 72.0323 6015.16 
4.19 15.1463 14.9169 14.6909 14.4684 27.7535 71.434 6016.59 
4.2 14.9956 14.7707 14.5492 14.331 27.5007 70.8401 6018.01 
4.21 14.8464 14.626 14.4088 14.1949 27.2499 70.2505 6019.42 
4.22 14.6986 14.4826 14.2697 14.06 27.0012 69.6651 6020.82 
4.23 14.5524 14.3406 14.1319 13.9263 26.7546 69.0839 6022.21 
4.24 14.4076 14.2 13.9954 13.7938 26.5101 68.507 6023.59 
4.25 14.2642 14.0608 13.8602 13.6625 26.2675 67.9342 6024.95 
4.26 14.1223 13.9229 13.7262 13.5324 26.027 67.3657 6026.3 
4.27 13.9818 13.7863 13.5935 13.4035 25.7885 66.8012 6027.65 
4.28 13.8427 13.651 13.4621 13.2757 25.552 66.2409 6028.98 
4.29 13.7049 13.5171 13.3318 13.1491 25.3174 65.6847 6030.29 
4.3 13.5686 13.3845 13.2028 13.0237 25.0849 65.1326 6031.6 
4.31 13.4335 13.2531 13.0751 12.8994 24.8542 64.5845 6032.9 
4.32 13.2999 13.123 12.9485 12.7763 24.6255 64.0404 6034.19 
4.33 13.1675 12.9942 12.8231 12.6542 24.3988 63.5004 6035.46 
4.34 13.0365 12.8666 12.6988 12.5333 24.174 62.9643 6036.73 
4.35 12.9068 12.7402 12.5758 12.4135 23.951 62.4322 6037.98 
4.36 12.7784 12.6151 12.4539 12.2948 23.73 61.9041 6039.22 
4.37 12.6512 12.4912 12.3332 12.1771 23.5108 61.3799 6040.46 
4.38 12.5254 12.3685 12.2136 12.0606 23.2935 60.8595 6041.68 
4.39 12.4007 12.247 12.0951 11.9451 23.078 60.3431 6042.89 
4.4 12.2773 12.1266 11.9777 11.8307 22.8644 59.8305 6044.09 
4.41 12.1552 12.0074 11.8615 11.7173 22.6526 59.3217 6045.28 
4.42 12.0342 11.8894 11.7463 11.605 22.4426 58.8168 6046.47 
4.43 11.9145 11.7725 11.6323 11.4937 22.2344 58.3156 6047.64 
4.44 11.7959 11.6568 11.5193 11.3834 22.0281 57.8182 6048.8 
4.45 11.6786 11.5422 11.4074 11.2742 21.8234 57.3246 6049.95 
4.46 11.5624 11.4287 11.2965 11.1659 21.6206 56.8346 6051.09 
4.47 11.4473 11.3163 11.1867 11.0587 21.4195 56.3484 6052.22 
4.48 11.3334 11.205 11.078 10.9524 21.2201 55.8659 6053.35 
4.49 11.2206 11.0947 10.9703 10.8472 21.0225 55.387 6054.46 
4.5 11.109 10.9856 10.8635 10.7429 20.8265 54.9117 6055.56 
4.51 10.9985 10.8775 10.7579 10.6395 20.6323 54.4401 6056.65 
4.52 10.889 10.7705 10.6532 10.5372 20.4397 53.972 6057.74 
4.53 10.7807 10.6645 10.5495 10.4358 20.2489 53.5076 6058.81 
4.54 10.6734 10.5595 10.4468 10.3353 20.0597 53.0467 6059.88 
4.55 10.5672 10.4555 10.3451 10.2357 19.8721 52.5893 6060.94 
4.56 10.4621 10.3526 10.2443 10.1371 19.6862 52.1354 6061.98 
4.57 10.358 10.2507 10.1445 10.0394 19.5019 51.685 6063.02 
4.58 10.2549 10.1497 10.0456 9.94263 19.3192 51.2381 6064.05 
4.59 10.1529 10.0498 9.94774 9.84675 19.1382 50.7947 6065.07 
4.6 10.0518 9.9508 9.85077 9.75175 18.9587 50.3546 6066.08 
4.61 9.95182 9.85278 9.75473 9.65765 18.7808 49.918 6067.08 
4.62 9.8528 9.75572 9.6596 9.56442 18.6044 49.4847 6068.08 
4.63 9.75476 9.6596 9.56538 9.47207 18.4297 49.0549 6069.06 
4.64 9.6577 9.56443 9.47206 9.38058 18.2564 48.6283 6070.04 
4.65 9.5616 9.47018 9.37963 9.28994 18.0847 48.2051 6071.01 
4.66 9.46646 9.37685 9.28808 9.20016 17.9145 47.7852 6071.97 
4.67 9.37227 9.28443 9.19741 9.11121 17.7459 47.3686 6072.92 
4.68 9.27901 9.19291 9.10761 9.0231 17.5787 46.9552 6073.86 
4.69 9.18669 9.10229 9.01867 8.93582 17.413 46.5451 6074.8 
4.7 9.09528 9.01255 8.93058 8.84936 17.2488 46.1382 6075.73 
4.71 9.00478 8.92369 8.84334 8.7637 17.086 45.7345 6076.64 
4.72 8.91518 8.8357 8.75693 8.67886 16.9247 45.3339 6077.55 
4.73 8.82647 8.74856 8.67135 8.59481 16.7648 44.9366 6078.46 
4.74 8.73865 8.66228 8.58659 8.51155 16.6064 44.5424 6079.35 
4.75 8.6517 8.57684 8.50264 8.42908 16.4494 44.1513 6080.24 
4.76 8.56561 8.49224 8.4195 8.34738 16.2937 43.7633 6081.12 
4.77 8.48038 8.40846 8.33716 8.26645 16.1395 43.3783 6081.99 
4.78 8.396 8.32551 8.25561 8.18629 15.9867 42.9965 6082.85 
4.79 8.31246 8.24336 8.17484 8.10689 15.8352 42.6177 6083.71 
4.8 8.22975 8.16202 8.09485 8.02823 15.6851 42.2419 6084.56 
4.81 8.14786 8.08147 8.01563 7.95032 15.5364 41.8691 6085.4 
4.82 8.06679 8.00171 7.93717 7.87314 15.389 41.4993 6086.23 
4.83 7.98652 7.92274 7.85946 7.79669 15.2429 41.1325 6087.06 
4.84 7.90705 7.84453 7.78251 7.72097 15.0981 40.7686 6087.88 
4.85 7.82838 7.76709 7.70629 7.64596 14.9547 40.4076 6088.69 
4.86 7.75048 7.69041 7.63081 7.57167 14.8125 40.0495 6089.49 
4.87 7.67337 7.61448 7.55606 7.49808 14.6716 39.6944 6090.29 
4.88 7.59701 7.5393 7.48202 7.42518 14.5321 39.3421 6091.08 
4.89 7.52142 7.46485 7.4087 7.35298 14.3937 38.9926 6091.87 
4.9 7.44658 7.39113 7.33609 7.28146 14.2567 38.646 6092.64 
4.91 7.37249 7.31813 7.26418 7.21063 14.1208 38.3021 6093.41 
4.92 7.29913 7.24585 7.19297 7.14046 13.9863 37.9611 6094.17 
4.93 7.2265 7.17428 7.12244 7.07097 13.8529 37.6229 6094.93 
4.94 7.1546 7.10341 7.05259 7.00213 13.7208 37.2874 6095.68 
4.95 7.08341 7.03323 6.98341 6.93395 13.5898 36.9546 6096.42 
4.96 7.01293 6.96375 6.91491 6.86642 13.4601 36.6246 6097.16 
4.97 6.94315 6.89494 6.84707 6.79953 13.3315 36.2972 6097.89 
4.98 6.87406 6.82681 6.77988 6.73328 13.2041 35.9726 6098.61 
4.99 6.80566 6.75935 6.71335 6.66766 13.0779 35.6506 6099.33 
5 6.73795 6.69255 6.64745 6.60266 12.9529 35.3312 6100.04 
5.01 6.6709 6.6264 6.5822 6.53829 12.829 35.0145 6100.74 
5.02 6.60453 6.56091 6.51758 6.47453 12.7062 34.7004 6101.44 
5.03 6.53881 6.49605 6.45358 6.41138 12.5846 34.3888 6102.13 
5.04 6.47375 6.43184 6.3902 6.34883 12.464 34.0799 6102.81 
5.05 6.40933 6.36825 6.32744 6.28688 12.3446 33.7735 6103.49 
5.06 6.34556 6.30529 6.26528 6.22553 12.2263 33.4696 6104.16 
5.07 6.28242 6.24295 6.20373 6.16476 12.1091 33.1683 6104.83 
5.08 6.21991 6.18122 6.14278 6.10457 11.9929 32.8694 6105.49 
5.09 6.15802 6.1201 6.08241 6.04496 11.8779 32.5731 6106.14 
5.1 6.09675 6.05958 6.02263 5.98591 11.7639 32.2792 6106.79 
5.11 6.03608 5.99965 5.96343 5.92744 11.6509 31.9877 6107.43 
5.12 5.97602 5.94031 5.90481 5.86952 11.539 31.6987 6108.07 
5.13 5.91656 5.88155 5.84676 5.81216 11.4281 31.4121 6108.7 
5.14 5.85769 5.82338 5.78927 5.75535 11.3183 31.1279 6109.33 
5.15 5.7994 5.76577 5.73233 5.69909 11.2095 30.8461 6109.95 
5.16 5.7417 5.70873 5.67595 5.64337 11.1016 30.5666 6110.56 
5.17 5.68457 5.65225 5.62012 5.58818 10.9948 30.2895 6111.17 
5.18 5.62801 5.59633 5.56484 5.53352 10.889 30.0147 6111.77 
5.19 5.57201 5.54096 5.51009 5.47938 10.7842 29.7423 6112.37 
5.2 5.51656 5.48613 5.45587 5.42577 10.6803 29.4721 6112.96 
5.21 5.46167 5.43184 5.40218 5.37267 10.5774 29.2042 6113.55 
5.22 5.40733 5.37809 5.34901 5.32009 10.4755 28.9386 6114.13 
5.23 5.35353 5.32487 5.29636 5.268 10.3745 28.6752 6114.71 
5.24 5.30026 5.27216 5.24422 5.21642 10.2744 28.414 6115.28 
5.25 5.24752 5.21998 5.19259 5.16534 10.1753 28.1551 6115.84 
5.26 5.1953 5.16831 5.14146 5.11475 10.0771 27.8983 6116.4 
5.27 5.14361 5.11715 5.09083 5.06465 9.97987 27.6438 6116.96 
5.28 5.09243 5.0665 5.0407 5.01503 9.88352 27.3914 6117.51 
5.29 5.04176 5.01634 4.99105 4.96589 9.78806 27.1411 6118.06 
5.3 4.99159 4.96668 4.94189 4.91722 9.6935 26.893 6118.6 
5.31 4.94193 4.9175 4.8932 4.86902 9.59983 26.647 6119.13 
5.32 4.89275 4.86881 4.84499 4.82129 9.50703 26.4031 6119.66 
5.33 4.84407 4.8206 4.79725 4.77402 9.41511 26.1613 6120.19 
5.34 4.79587 4.77287 4.74998 4.7272 9.32404 25.9215 6120.71 
5.35 4.74815 4.72561 4.70317 4.68084 9.23384 25.6839 6121.22 
5.36 4.70091 4.67881 4.65681 4.63492 9.14448 25.4482 6121.74 
5.37 4.65413 4.63247 4.61091 4.58945 9.05596 25.2146 6122.24 
5.38 4.60782 4.58659 4.56546 4.54442 8.96827 24.983 6122.74 
5.39 4.56197 4.54116 4.52045 4.49982 8.88141 24.7534 6123.24 
5.4 4.51658 4.49618 4.47587 4.45566 8.79537 24.5257 6123.73 
5.41 4.47164 4.45164 4.43174 4.41192 8.71014 24.3001 6124.22 
5.42 4.42715 4.40755 4.38803 4.36861 8.62571 24.0763 6124.71 
5.43 4.3831 4.36388 4.34476 4.32571 8.54208 23.8545 6125.19 
5.44 4.33948 4.32065 4.3019 4.28323 8.45924 23.6347 6125.66 
5.45 4.2963 4.27785 4.25947 4.24117 8.37719 23.4167 6126.13 
5.46 4.25356 4.23546 4.21745 4.19951 8.2959 23.2006 6126.6 
5.47 4.21123 4.1935 4.17584 4.15825 8.21539 22.9864 6127.06 
5.48 4.16933 4.15195 4.13464 4.1174 8.13564 22.7741 6127.52 
5.49 4.12784 4.11081 4.09384 4.07694 8.05664 22.5636 6127.97 
5.5 4.08677 4.07007 4.05344 4.03687 7.97839 22.3549 6128.42 
5.51 4.04611 4.02974 4.01343 3.99719 7.90089 22.1481 6128.86 
5.52 4.00585 3.9898 3.97382 3.9579 7.82411 21.9431 6129.31 
5.53 3.96599 3.95026 3.93459 3.91899 7.74807 21.7398 6129.74 
5.54 3.92653 3.91111 3.89575 3.88046 7.67275 21.5384 6130.18 
5.55 3.88746 3.87234 3.85729 3.8423 7.59814 21.3386 6130.6 
5.56 3.84878 3.83396 3.81921 3.80451 7.52424 21.1407 6131.03 
5.57 3.81048 3.79596 3.7815 3.76709 7.45104 20.9445 6131.45 
5.58 3.77257 3.75833 3.74415 3.73003 7.37854 20.75 6131.87 
5.59 3.73503 3.72108 3.70718 3.69333 7.30673 20.5572 6132.28 
5.6 3.69786 3.68419 3.67057 3.65699 7.2356 20.3661 6132.69 
5.61 3.66107 3.64767 3.63431 3.62101 7.16515 20.1767 6133.09 
5.62 3.62464 3.6115 3.59841 3.58537 7.09537 19.9889 6133.5 
5.63 3.58858 3.5757 3.56287 3.55008 7.02626 19.8028 6133.89 
5.64 3.55287 3.54025 3.52767 3.51513 6.9578 19.6184 6134.29 
5.65 3.51752 3.50514 3.49281 3.48053 6.89 19.4356 6134.68 
5.66 3.48252 3.47039 3.4583 3.44626 6.82284 19.2544 6135.07 
5.67 3.44787 3.43598 3.42413 3.41232 6.75633 19.0747 6135.45 
5.68 3.41356 3.40191 3.39029 3.37872 6.69045 18.8967 6135.83 
5.69 3.37959 3.36817 3.35679 3.34544 6.62519 18.7203 6136.2 
5.7 3.34597 3.33477 3.32361 3.31249 6.56057 18.5454 6136.58 
5.71 3.31267 3.3017 3.29076 3.27986 6.49656 18.3721 6136.95 
5.72 3.27971 3.26895 3.25823 3.24755 6.43316 18.2003 6137.31 
5.73 3.24708 3.23653 3.22602 3.21555 6.37037 18.0301 6137.67 
5.74 3.21477 3.20443 3.19413 3.18386 6.30818 17.8614 6138.03 
5.75 3.18278 3.17265 3.16255 3.15249 6.24659 17.6941 6138.39 
5.76 3.15111 3.14118 3.13128 3.12142 6.18558 17.5284 6138.74 
5.77 3.11976 3.11002 3.10032 3.09065 6.12516 17.3641 6139.09 
5.78 3.08872 3.07918 3.06966 3.06018 6.06532 17.2013 6139.44 
5.79 3.05798 3.04863 3.03931 3.03001 6.00606 17.04 6139.78 
5.8 3.02755 3.01839 3.00925 3.00014 5.94736 16.8801 6140.12 
5.81 2.99743 2.98845 2.97949 2.97056 5.88922 16.7216 6140.45 
5.82 2.96761 2.9588 2.95002 2.94126 5.83165 16.5646 6140.79 
5.83 2.93808 2.92944 2.92084 2.91226 5.77463 16.4089 6141.12 
5.84 2.90884 2.90038 2.89194 2.88353 5.71815 16.2547 6141.44 
5.85 2.8799 2.87161 2.86334 2.85509 5.66222 16.1018 6141.77 
5.86 2.85124 2.84311 2.83501 2.82692 5.60682 15.9503 6142.09 
5.87 2.82287 2.8149 2.80696 2.79903 5.55196 15.8002 6142.4 
5.88 2.79479 2.78697 2.77919 2.77142 5.49763 15.6514 6142.72 
5.89 2.76698 2.75932 2.75169 2.74407 5.44381 15.504 6143.03 
5.9 2.73944 2.73194 2.72446 2.71699 5.39052 15.3579 6143.34 
5.91 2.71219 2.70483 2.69749 2.69018 5.33774 15.2131 6143.64 
5.92 2.6852 2.67799 2.6708 2.66363 5.28547 15.0696 6143.95 
5.93 2.65848 2.65141 2.64437 2.63734 5.2337 14.9275 6144.25 
5.94 2.63203 2.6251 2.61819 2.6113 5.18243 14.7866 6144.54 
5.95 2.60584 2.59905 2.59228 2.58552 5.13166 14.6469 6144.84 
5.96 2.57991 2.57326 2.56662 2.56 5.08137 14.5086 6145.13 
5.97 2.55424 2.54772 2.54121 2.53472 5.03157 14.3715 6145.42 
5.98 2.52883 2.52243 2.51605 2.50969 4.98225 14.2356 6145.71 
5.99 2.50366 2.4974 2.49114 2.48491 4.93341 14.101 6145.99 
6 2.47875 2.47261 2.46648 2.46037 4.88504 13.9676 6146.27 
6.01 2.45409 2.44807 2.44206 2.43606 4.83714 13.8354 6146.55 
6.02 2.42967 2.42377 2.41788 2.412 4.7897 13.7044 6146.82 
6.03 2.40549 2.39971 2.39394 2.38818 4.74271 13.5746 6147.1 
6.04 2.38156 2.37589 2.37023 2.36458 4.69619 13.446 6147.37 
6.05 2.35786 2.3523 2.34676 2.34122 4.65011 13.3185 6147.63 
6.06 2.3344 2.32895 2.32351 2.31809 4.60448 13.1922 6147.9 
6.07 2.31117 2.30583 2.3005 2.29519 4.55929 13.0671 6148.16 
6.08 2.28818 2.28294 2.27772 2.27251 4.51453 12.9431 6148.42 
6.09 2.26541 2.26028 2.25516 2.25005 4.47021 12.8202 6148.68 
6.1 2.24287 2.23784 2.23282 2.22781 4.42632 12.6985 6148.93 
6.11 2.22055 2.21562 2.2107 2.20579 4.38286 12.5779 6149.19 
6.12 2.19846 2.19362 2.1888 2.18399 4.33981 12.4583 6149.44 
6.13 2.17658 2.17184 2.16712 2.1624 4.29719 12.3399 6149.68 
6.14 2.15492 2.15028 2.14565 2.14102 4.25497 12.2226 6149.93 
6.15 2.13348 2.12893 2.12439 2.11986 4.21317 12.1063 6150.17 
6.16 2.11225 2.10779 2.10334 2.0989 4.17177 11.9911 6150.41 
6.17 2.09124 2.08686 2.0825 2.07814 4.13077 11.877 6150.65 
6.18 2.07043 2.06614 2.06186 2.05759 4.09017 11.7639 6150.89 
6.19 2.04983 2.04562 2.04143 2.03725 4.04997 11.6518 6151.12 
6.2 2.02943 2.02531 2.0212 2.0171 4.01015 11.5408 6151.36 
6.21 2.00924 2.0052 2.00117 1.99715 3.97073 11.4308 6151.59 
6.22 1.98925 1.98529 1.98134 1.9774 3.93168 11.3218 6151.81 
6.23 1.96945 1.96557 1.9617 1.95784 3.89302 11.2138 6152.04 
6.24 1.94986 1.94605 1.94226 1.93847 3.85473 11.1068 6152.26 
6.25 1.93045 1.92673 1.92301 1.9193 3.81681 11.0008 6152.48 
6.26 1.91125 1.90759 1.90395 1.90031 3.77926 10.8958 6152.7 
6.27 1.89223 1.88865 1.88507 1.88151 3.74208 10.7918 6152.92 
6.28 1.8734 1.86989 1.86639 1.86289 3.70525 10.6887 6153.13 
6.29 1.85476 1.85132 1.84789 1.84446 3.66879 10.5865 6153.35 
6.3 1.8363 1.83293 1.82957 1.82621 3.63268 10.4853 6153.56 
6.31 1.81803 1.81473 1.81143 1.80814 3.59693 10.3851 6153.77 
6.32 1.79994 1.7967 1.79347 1.79024 3.56152 10.2857 6153.97 
6.33 1.78203 1.77886 1.77569 1.77252 3.52645 10.1873 6154.18 
6.34 1.7643 1.76119 1.75808 1.75498 3.49173 10.0898 6154.38 
6.35 1.74675 1.7437 1.74065 1.73761 3.45735 9.99323 6154.58 
6.36 1.72937 1.72638 1.72339 1.72041 3.4233 9.89753 6154.78 
6.37 1.71216 1.70923 1.7063 1.70338 3.38958 9.80272 6154.98 
6.38 1.69512 1.69225 1.68938 1.68652 3.35619 9.7088 6155.17 
6.39 1.67826 1.67544 1.67263 1.66982 3.32313 9.61574 6155.36 
6.4 1.66156 1.6588 1.65604 1.65329 3.29039 9.52355 6155.56 
6.41 1.64502 1.64232 1.63962 1.63692 3.25797 9.43222 6155.75 
6.42 1.62866 1.626 1.62336 1.62071 3.22586 9.34174 6155.93 
6.43 1.61245 1.60985 1.60726 1.60466 3.19407 9.2521 6156.12 
6.44 1.59641 1.59386 1.59131 1.58877 3.16259 9.1633 6156.3 
6.45 1.58052 1.57802 1.57553 1.57304 3.13142 9.07532 6156.49 
6.46 1.5648 1.56235 1.5599 1.55746 3.10055 8.98817 6156.67 
6.47 1.54923 1.54683 1.54443 1.54204 3.06998 8.90183 6156.85 
6.48 1.53381 1.53146 1.52911 1.52676 3.03971 8.81629 6157.02 
6.49 1.51855 1.51624 1.51394 1.51164 3.00974 8.73155 6157.2 
6.5 1.50344 1.50118 1.49892 1.49667 2.98006 8.64761 6157.37 
6.51 1.48848 1.48626 1.48405 1.48184 2.95067 8.56445 6157.54 
6.52 1.47367 1.4715 1.46933 1.46716 2.92156 8.48207 6157.71 
6.53 1.45901 1.45688 1.45475 1.45263 2.89275 8.40046 6157.88 
6.54 1.44449 1.4424 1.44032 1.43824 2.86421 8.31961 6158.05 
6.55 1.43012 1.42807 1.42603 1.42399 2.83595 8.23953 6158.22 
6.56 1.41589 1.41388 1.41188 1.40988 2.80797 8.16019 6158.38 
6.57 1.4018 1.39983 1.39787 1.39591 2.78026 8.08159 6158.54 
6.58 1.38785 1.38592 1.384 1.38208 2.75283 8.00374 6158.7 
6.59 1.37404 1.37215 1.37027 1.36838 2.72566 7.92661 6158.86 
6.6 1.36037 1.35852 1.35667 1.35482 2.69876 7.85021 6159.02 
6.61 1.34683 1.34502 1.34321 1.3414 2.67212 7.77453 6159.18 
6.62 1.33343 1.33165 1.32988 1.3281 2.64574 7.69955 6159.33 
6.63 1.32016 1.31842 1.31668 1.31494 2.61962 7.62529 6159.48 
6.64 1.30703 1.30532 1.30361 1.30191 2.59376 7.55172 6159.64 
6.65 1.29402 1.29235 1.29068 1.28901 2.56815 7.47884 6159.79 
6.66 1.28115 1.27951 1.27787 1.27623 2.54279 7.40665 6159.94 
6.67 1.2684 1.26679 1.26518 1.26358 2.51768 7.33514 6160.08 
6.68 1.25578 1.2542 1.25263 1.25105 2.49281 7.2643 6160.23 
6.69 1.24328 1.24174 1.24019 1.23865 2.46819 7.19413 6160.37 
6.7 1.23091 1.2294 1.22788 1.22637 2.44381 7.12463 6160.52 
6.71 1.21866 1.21718 1.2157 1.21421 2.41967 7.05578 6160.66 
6.72 1.20654 1.20508 1.20363 1.20218 2.39577 6.98758 6160.8 
6.73 1.19453 1.19311 1.19168 1.19026 2.3721 6.92002 6160.94 
6.74 1.18265 1.18125 1.17985 1.17846 2.34866 6.8531 6161.08 
6.75 1.17088 1.16951 1.16814 1.16677 2.32546 6.78681 6161.21 
6.76 1.15923 1.15789 1.15654 1.1552 2.30248 6.72115 6161.35 
6.77 1.14769 1.14638 1.14506 1.14375 2.27972 6.65611 6161.48 
6.78 1.13627 1.13498 1.13369 1.13241 2.25719 6.59169 6161.61 
6.79 1.12497 1.1237 1.12244 1.12118 2.23488 6.52787 6161.74 
6.8 1.11378 1.11253 1.1113 1.11006 2.21279 6.46466 6161.87 
6.81 1.10269 1.10148 1.10026 1.09905 2.19092 6.40205 6162 
6.82 1.09172 1.09053 1.08934 1.08815 2.16926 6.34004 6162.13 
6.83 1.08086 1.07969 1.07852 1.07736 2.14781 6.27861 6162.26 
6.84 1.0701 1.06896 1.06781 1.06667 2.12658 6.21776 6162.38 
6.85 1.05946 1.05833 1.05721 1.05609 2.10555 6.15749 6162.51 
6.86 1.04891 1.04781 1.04671 1.04562 2.08473 6.09779 6162.63 
6.87 1.03848 1.0374 1.03632 1.03525 2.06412 6.03866 6162.75 
6.88 1.02814 1.02709 1.02603 1.02498 2.04371 5.98009 6162.87 
6.89 1.01791 1.01688 1.01584 1.01481 2.02349 5.92208 6162.99 
6.9 1.00779 1.00677 1.00576 1.00474 2.00348 5.86461 6163.11 
6.91 0.997758 0.996762 0.995768 0.994774 1.98366 5.8077 6163.22 
6.92 0.98783 0.986854 0.985879 0.984905 1.96404 5.75132 6163.34 
6.93 0.978001 0.977044 0.976089 0.975134 1.94461 5.69549 6163.45 
6.94 0.96827 0.967332 0.966395 0.96546 1.92537 5.64018 6163.57 
6.95 0.958635 0.957716 0.956798 0.955881 1.90633 5.5854 6163.68 
6.96 0.949097 0.948196 0.947296 0.946397 1.88746 5.53114 6163.79 
6.97 0.939653 0.93877 0.937888 0.937007 1.86879 5.4774 6163.9 
6.98 0.930303 0.929438 0.928573 0.927709 1.8503 5.42417 6164.01 
6.99 0.921047 0.920198 0.919351 0.918504 1.83199 5.37145 6164.12 
7 0.911882 0.91105 0.91022 0.90939 1.81386 5.31923 6164.22 
7.01 0.902809 0.901994 0.901179 0.900366 1.79591 5.26751 6164.33 
7.02 0.893825 0.893027 0.892228 0.891431 1.77813 5.21628 6164.44 
7.03 0.884932 0.884149 0.883366 0.882585 1.76053 5.16555 6164.54 
7.04 0.876127 0.875359 0.874592 0.873826 1.74311 5.11529 6164.64 
7.05 0.867409 0.866657 0.865905 0.865154 1.72585 5.06552 6164.74 
7.06 0.858778 0.858041 0.857304 0.856567 1.70877 5.01622 6164.84 
7.07 0.850233 0.84951 0.848788 0.848066 1.69185 4.96739 6164.94 
7.08 0.841773 0.841065 0.840357 0.839649 1.6751 4.91904 6165.04 
7.09 0.833397 0.832703 0.832009 0.831315 1.65852 4.87114 6165.14 
7.1 0.825105 0.824424 0.823744 0.823064 1.64209 4.8237 6165.24 
7.11 0.816895 0.816228 0.815561 0.814895 1.62583 4.77671 6165.33 
7.12 0.808767 0.808113 0.807459 0.806806 1.60974 4.73018 6165.43 
7.13 0.800719 0.800078 0.799438 0.798797 1.59379 4.68409 6165.52 
7.14 0.792752 0.792124 0.791496 0.790868 1.57801 4.63844 6165.62 
7.15 0.784864 0.784248 0.783633 0.783017 1.56238 4.59323 6165.71 
7.16 0.777055 0.776451 0.775847 0.775245 1.54691 4.54845 6165.8 
7.17 0.769323 0.768731 0.768139 0.767549 1.53159 4.50411 6165.89 
7.18 0.761668 0.761088 0.760508 0.759929 1.51642 4.46018 6165.98 
7.19 0.754089 0.75352 0.752952 0.752384 1.5014 4.41668 6166.07 
7.2 0.746586 0.746028 0.745471 0.744915 1.48652 4.3736 6166.16 
7.21 0.739157 0.738611 0.738065 0.737519 1.4718 4.33093 6166.24 
7.22 0.731802 0.731267 0.730732 0.730197 1.45722 4.28867 6166.33 
7.23 0.724521 0.723996 0.723471 0.722947 1.44278 4.24681 6166.42 
7.24 0.717312 0.716797 0.716283 0.715769 1.42849 4.20536 6166.5 
7.25 0.710174 0.70967 0.709166 0.708662 1.41433 4.16431 6166.58 
7.26 0.703108 0.702614 0.70212 0.701626 1.40032 4.12365 6166.67 
7.27 0.696112 0.695627 0.695143 0.694659 1.38644 4.08338 6166.75 
7.28 0.689186 0.688711 0.688236 0.687762 1.3727 4.0435 6166.83 
7.29 0.682328 0.681862 0.681397 0.680932 1.3591 4.004 6166.91 
7.3 0.675539 0.675082 0.674626 0.674171 1.34563 3.96488 6166.99 
7.31 0.668817 0.66837 0.667923 0.667476 1.3323 3.92614 6167.07 
7.32 0.662162 0.661724 0.661286 0.660848 1.31909 3.88777 6167.15 
7.33 0.655574 0.655144 0.654714 0.654285 1.30602 3.84978 6167.22 
7.34 0.649051 0.648629 0.648208 0.647788 1.29307 3.81214 6167.3 
7.35 0.642592 0.642179 0.641767 0.641354 1.28026 3.77487 6167.38 
7.36 0.636198 0.635794 0.635389 0.634985 1.26757 3.73796 6167.45 
7.37 0.629868 0.629471 0.629075 0.628679 1.255 3.70141 6167.53 
7.38 0.623601 0.623212 0.622823 0.622435 1.24256 3.6652 6167.6 
7.39 0.617396 0.617015 0.616634 0.616253 1.23024 3.62935 6167.67 
7.4 0.611253 0.610879 0.610506 0.610133 1.21804 3.59384 6167.75 
7.41 0.605171 0.604804 0.604438 0.604073 1.20597 3.55868 6167.82 
7.42 0.599149 0.59879 0.598431 0.598073 1.19401 3.52385 6167.89 
7.43 0.593188 0.592836 0.592484 0.592133 1.18217 3.48936 6167.96 
7.44 0.587285 0.58694 0.586596 0.586251 1.17045 3.45521 6168.03 
7.45 0.581442 0.581104 0.580766 0.580428 1.15885 3.42138 6168.1 
7.46 0.575656 0.575325 0.574994 0.574663 1.14735 3.38788 6168.16 
7.47 0.569928 0.569603 0.569279 0.568954 1.13598 3.35471 6168.23 
7.48 0.564257 0.563939 0.563621 0.563303 1.12471 3.32185 6168.3 
7.49 0.558643 0.558331 0.558019 0.557707 1.11356 3.28932 6168.36 
7.5 0.553084 0.552778 0.552473 0.552167 1.10252 3.25709 6168.43 
7.51 0.547581 0.547281 0.546982 0.546682 1.09158 3.22518 6168.49 
7.52 0.542133 0.541839 0.541545 0.541251 1.08075 3.19358 6168.56 
7.53 0.536738 0.53645 0.536162 0.535874 1.07004 3.16228 6168.62 
7.54 0.531398 0.531115 0.530833 0.530551 1.05942 3.13129 6168.69 
7.55 0.52611 0.525833 0.525557 0.52528 1.04891 3.1006 6168.75 
7.56 0.520875 0.520604 0.520333 0.520062 1.03851 3.0702 6168.81 
7.57 0.515692 0.515427 0.515161 0.514895 1.02821 3.0401 6168.87 
7.58 0.510561 0.510301 0.51004 0.50978 1.01801 3.01029 6168.93 
7.59 0.505481 0.505226 0.50497 0.504715 1.00791 2.98077 6168.99 
7.6 0.500451 0.500201 0.499951 0.4997 0.99791 2.95153 6169.05 
7.61 0.495472 0.495226 0.494981 0.494736 0.98801 2.92258 6169.11 
7.62 0.490542 0.490301 0.490061 0.48982 0.978208 2.89391 6169.17 
7.63 0.485661 0.485425 0.485189 0.484954 0.968503 2.86551 6169.22 
7.64 0.480828 0.480597 0.480366 0.480135 0.958894 2.8374 6169.28 
7.65 0.476044 0.475818 0.475591 0.475365 0.94938 2.80955 6169.34 
7.66 0.471307 0.471085 0.470863 0.470641 0.93996 2.78197 6169.39 
7.67 0.466618 0.4664 0.466182 0.465965 0.930633 2.75467 6169.45 
7.68 0.461975 0.461761 0.461548 0.461335 0.921399 2.72763 6169.5 
7.69 0.457378 0.457169 0.45696 0.456751 0.912256 2.70085 6169.56 
7.7 0.452827 0.452622 0.452417 0.452212 0.903203 2.67433 6169.61 
7.71 0.448321 0.44812 0.44792 0.447719 0.89424 2.64806 6169.67 
7.72 0.443861 0.443664 0.443467 0.44327 0.885366 2.62206 6169.72 
7.73 0.439444 0.439251 0.439058 0.438865 0.87658 2.5963 6169.77 
7.74 0.435072 0.434882 0.434693 0.434504 0.86788 2.5708 6169.82 
7.75 0.430743 0.430557 0.430372 0.430186 0.859267 2.54554 6169.87 
7.76 0.426457 0.426275 0.426093 0.425911 0.850739 2.52053 6169.92 
7.77 0.422213 0.422035 0.421857 0.421679 0.842295 2.49577 6169.97 
7.78 0.418012 0.417837 0.417663 0.417488 0.833935 2.47124 6170.02 
7.79 0.413853 0.413682 0.41351 0.413339 0.825658 2.44695 6170.07 
7.8 0.409735 0.409567 0.409399 0.409232 0.817463 2.4229 6170.12 
7.81 0.405658 0.405493 0.405329 0.405165 0.809348 2.39908 6170.17 
7.82 0.401622 0.40146 0.401299 0.401138 0.801315 2.3755 6170.22 
7.83 0.397625 0.397467 0.397309 0.397151 0.79336 2.35214 6170.26 
7.84 0.393669 0.393514 0.393359 0.393204 0.785485 2.32901 6170.31 
7.85 0.389752 0.3896 0.389448 0.389296 0.777687 2.30611 6170.36 
7.86 0.385874 0.385725 0.385576 0.385427 0.769967 2.28343 6170.4 
7.87 0.382034 0.381888 0.381743 0.381597 0.762323 2.26097 6170.45 
7.88 0.378233 0.37809 0.377947 0.377804 0.754755 2.23873 6170.49 
7.89 0.37447 0.374329 0.374189 0.374049 0.747262 2.2167 6170.54 
7.9 0.370744 0.370606 0.370469 0.370331 0.739843 2.19489 6170.58 
7.91 0.367055 0.36692 0.366785 0.366651 0.732498 2.1733 6170.63 
7.92 0.363402 0.36327 0.363138 0.363006 0.725225 2.15191 6170.67 
7.93 0.359786 0.359657 0.359528 0.359398 0.718024 2.13073 6170.71 
7.94 0.356206 0.35608 0.355953 0.355826 0.710895 2.10976 6170.76 
7.95 0.352662 0.352538 0.352413 0.352289 0.703837 2.089 6170.8 
7.96 0.349153 0.349031 0.348909 0.348788 0.696848 2.06843 6170.84 
7.97 0.345679 0.345559 0.34544 0.345321 0.689928 2.04807 6170.88 
7.98 0.342239 0.342122 0.342005 0.341888 0.683078 2.02791 6170.92 
7.99 0.338834 0.338719 0.338605 0.33849 0.676295 2.00794 6170.96 
8 0.335463 0.33535 0.335238 0.335125 0.669579 1.98816 6171 
8.01 0.332125 0.332014 0.331904 0.331794 0.66293 1.96859 6171.04 
8.02 0.32882 0.328712 0.328604 0.328496 0.656346 1.9492 6171.08 
8.03 0.325548 0.325442 0.325336 0.32523 0.649828 1.93 6171.12 
8.04 0.322309 0.322205 0.322101 0.321997 0.643375 1.91099 6171.16 
8.05 0.319102 0.319 0.318898 0.318797 0.636985 1.89216 6171.2 
8.06 0.315927 0.315827 0.315727 0.315627 0.630659 1.87352 6171.23 
8.07 0.312783 0.312685 0.312588 0.31249 0.624396 1.85506 6171.27 
8.08 0.309671 0.309575 0.309479 0.309383 0.618195 1.83678 6171.31 
8.09 0.30659 0.306496 0.306402 0.306308 0.612055 1.81868 6171.34 
8.1 0.303539 0.303447 0.303355 0.303263 0.605976 1.80075 6171.38 
8.11 0.300519 0.300429 0.300338 0.300248 0.599957 1.78301 6171.42 
8.12 0.297529 0.29744 0.297352 0.297263 0.593998 1.76543 6171.45 
8.13 0.294568 0.294481 0.294395 0.294308 0.588098 1.74803 6171.49 
8.14 0.291637 0.291552 0.291467 0.291382 0.582256 1.7308 6171.52 
8.15 0.288735 0.288652 0.288569 0.288485 0.576473 1.71373 6171.56 
8.16 0.285862 0.285781 0.285699 0.285617 0.570747 1.69683 6171.59 
8.17 0.283018 0.282938 0.282858 0.282778 0.565077 1.6801 6171.62 
8.18 0.280202 0.280123 0.280045 0.279966 0.559464 1.66353 6171.66 
8.19 0.277414 0.277337 0.27726 0.277183 0.553907 1.64713 6171.69 
8.2 0.274654 0.274578 0.274503 0.274427 0.548404 1.63088 6171.72 
8.21 0.271921 0.271847 0.271773 0.271699 0.542956 1.6148 6171.76 
8.22 0.269215 0.269143 0.26907 0.268998 0.537563 1.59887 6171.79 
8.23 0.266536 0.266465 0.266394 0.266323 0.532222 1.58309 6171.82 
8.24 0.263884 0.263815 0.263745 0.263675 0.526935 1.56748 6171.85 
8.25 0.261259 0.26119 0.261122 0.261054 0.5217 1.55201 6171.88 
8.26 0.258659 0.258592 0.258525 0.258458 0.516517 1.5367 6171.91 
8.27 0.256085 0.25602 0.255954 0.255889 0.511385 1.52153 6171.94 
8.28 0.253537 0.253473 0.253409 0.253344 0.506305 1.50652 6171.97 
8.29 0.251014 0.250951 0.250888 0.250825 0.501275 1.49165 6172 
8.3 0.248517 0.248455 0.248393 0.248332 0.496294 1.47693 6172.03 
8.31 0.246044 0.245984 0.245923 0.245862 0.491363 1.46235 6172.06 
8.32 0.243596 0.243537 0.243477 0.243418 0.486481 1.44792 6172.09 
8.33 0.241172 0.241114 0.241056 0.240998 0.481648 1.43362 6172.12 
8.34 0.238772 0.238715 0.238658 0.238601 0.476862 1.41947 6172.15 
8.35 0.236397 0.236341 0.236285 0.236229 0.472124 1.40546 6172.18 
8.36 0.234044 0.23399 0.233935 0.23388 0.467433 1.39158 6172.21 
8.37 0.231716 0.231662 0.231608 0.231555 0.462788 1.37784 6172.23 
8.38 0.22941 0.229357 0.229305 0.229252 0.45819 1.36423 6172.26 
8.39 0.227127 0.227076 0.227024 0.226973 0.453637 1.35076 6172.29 
8.4 0.224867 0.224817 0.224766 0.224716 0.449129 1.33742 6172.31 
8.41 0.22263 0.22258 0.222531 0.222481 0.444666 1.32421 6172.34 
8.42 0.220415 0.220366 0.220317 0.220269 0.440248 1.31113 6172.37 
8.43 0.218221 0.218174 0.218126 0.218079 0.435873 1.29818 6172.39 
8.44 0.21605 0.216003 0.215957 0.21591 0.431541 1.28536 6172.42 
8.45 0.2139 0.213855 0.213809 0.213763 0.427253 1.27266 6172.44 
8.46 0.211772 0.211727 0.211682 0.211638 0.423007 1.26008 6172.47 
8.47 0.209665 0.209621 0.209577 0.209533 0.418803 1.24763 6172.5 
8.48 0.207579 0.207536 0.207493 0.207449 0.414641 1.23531 6172.52 
8.49 0.205513 0.205471 0.205429 0.205387 0.410521 1.2231 6172.54 
8.5 0.203468 0.203427 0.203386 0.203344 0.406441 1.21101 6172.57 
8.51 0.201444 0.201403 0.201363 0.201322 0.402402 1.19905 6172.59 
8.52 0.199439 0.1994 0.19936 0.19932 0.398402 1.18719 6172.62 
8.53 0.197455 0.197416 0.197377 0.197338 0.394443 1.17546 6172.64 
8.54 0.19549 0.195452 0.195414 0.195376 0.390523 1.16384 6172.66 
8.55 0.193545 0.193508 0.19347 0.193433 0.386642 1.15234 6172.69 
8.56 0.191619 0.191583 0.191546 0.191509 0.382799 1.14095 6172.71 
8.57 0.189713 0.189677 0.189641 0.189605 0.378994 1.12967 6172.73 
8.58 0.187825 0.18779 0.187754 0.187719 0.375227 1.1185 6172.76 
8.59 0.185956 0.185922 0.185887 0.185852 0.371498 1.10744 6172.78 
8.6 0.184106 0.184072 0.184038 0.184004 0.367806 1.09649 6172.8 
8.61 0.182274 0.182241 0.182207 0.182174 0.36415 1.08565 6172.82 
8.62 0.18046 0.180428 0.180395 0.180363 0.36053 1.07491 6172.84 
8.63 0.178665 0.178633 0.178601 0.178569 0.356947 1.06428 6172.86 
8.64 0.176887 0.176856 0.176824 0.176793 0.353399 1.05376 6172.89 
8.65 0.175127 0.175096 0.175066 0.175035 0.349886 1.04334 6172.91 
8.66 0.173384 0.173354 0.173324 0.173294 0.346408 1.03302 6172.93 
8.67 0.171659 0.17163 0.1716 0.171571 0.342965 1.0228 6172.95 
8.68 0.169951 0.169922 0.169893 0.169864 0.339556 1.01268 6172.97 
8.69 0.16826 0.168232 0.168203 0.168175 0.336181 1.00267 6172.99 
8.7 0.166586 0.166558 0.16653 0.166503 0.332839 0.992748 6173.01 
8.71 0.164928 0.164901 0.164874 0.164847 0.329531 0.982927 6173.03 
8.72 0.163287 0.163261 0.163234 0.163207 0.326255 0.973203 6173.05 
8.73 0.161662 0.161636 0.16161 0.161584 0.323012 0.963574 6173.07 
8.74 0.160054 0.160028 0.160003 0.159977 0.319801 0.95404 6173.09 
8.75 0.158461 0.158436 0.158411 0.158386 0.316622 0.9446 6173.11 
8.76 0.156885 0.15686 0.156835 0.156811 0.313474 0.935253 6173.12 
8.77 0.155324 0.155299 0.155275 0.155251 0.310358 0.925998 6173.14 
8.78 0.153778 0.153754 0.153731 0.153707 0.307273 0.916834 6173.16 
8.79 0.152248 0.152225 0.152202 0.152178 0.304218 0.907761 6173.18 
8.8 0.150733 0.15071 0.150688 0.150665 0.301194 0.898777 6173.2 
8.81 0.149233 0.149211 0.149189 0.149166 0.2982 0.889881 6173.22 
8.82 0.147748 0.147727 0.147705 0.147683 0.295235 0.881073 6173.23 
8.83 0.146278 0.146257 0.146235 0.146214 0.2923 0.872352 6173.25 
8.84 0.144823 0.144802 0.144781 0.14476 0.289394 0.863717 6173.27 
8.85 0.143382 0.143361 0.143341 0.14332 0.286517 0.855167 6173.28 
8.86 0.141955 0.141935 0.141915 0.141895 0.283669 0.846701 6173.3 
8.87 0.140543 0.140523 0.140503 0.140483 0.280848 0.838318 6173.32 
8.88 0.139144 0.139125 0.139105 0.139086 0.278056 0.830019 6173.34 
8.89 0.13776 0.137741 0.137722 0.137703 0.275292 0.821801 6173.35 
8.9 0.136389 0.13637 0.136352 0.136333 0.272555 0.813664 6173.37 
8.91 0.135032 0.135014 0.134995 0.134977 0.269845 0.805607 6173.38 
8.92 0.133688 0.13367 0.133653 0.133635 0.267162 0.79763 6173.4 
8.93 0.132358 0.132341 0.132323 0.132305 0.264506 0.789732 6173.42 
8.94 0.131041 0.131024 0.131007 0.13099 0.261876 0.781911 6173.43 
8.95 0.129737 0.12972 0.129703 0.129687 0.259273 0.774167 6173.45 
8.96 0.128446 0.12843 0.128413 0.128397 0.256695 0.7665 6173.46 
8.97 0.127168 0.127152 0.127136 0.12712 0.254143 0.758909 6173.48 
8.98 0.125903 0.125887 0.125871 0.125855 0.251616 0.751392 6173.49 
8.99 0.12465 0.124635 0.124619 0.124603 0.249114 0.74395 6173.51 
9 0.12341 0.123395 0.123379 0.123364 0.246637 0.736581 6173.52 
9.01 0.122182 0.122167 0.122152 0.122137 0.244185 0.729285 6173.54 
9.02 0.120966 0.120951 0.120937 0.120922 0.241757 0.72206 6173.55 
9.03 0.119762 0.119748 0.119734 0.119719 0.239353 0.714907 6173.57 
9.04 0.118571 0.118557 0.118543 0.118529 0.236973 0.707825 6173.58 
9.05 0.117391 0.117377 0.117363 0.11735 0.234617 0.700813 6173.6 
9.06 0.116223 0.116209 0.116196 0.116182 0.232284 0.693869 6173.61 
9.07 0.115067 0.115053 0.11504 0.115027 0.229974 0.686995 6173.62 
9.08 0.113922 0.113909 0.113896 0.113883 0.227688 0.680188 6173.64 
9.09 0.112788 0.112775 0.112763 0.11275 0.225424 0.673448 6173.65 
9.1 0.111666 0.111653 0.111641 0.111628 0.223182 0.666775 6173.66 
9.11 0.110555 0.110542 0.11053 0.110518 0.220963 0.660168 6173.68 
9.12 0.109455 0.109443 0.109431 0.109419 0.218766 0.653626 6173.69 
9.13 0.108366 0.108354 0.108342 0.10833 0.21659 0.647149 6173.7 
9.14 0.107287 0.107276 0.107264 0.107253 0.214437 0.640735 6173.72 
9.15 0.10622 0.106209 0.106197 0.106186 0.212304 0.634385 6173.73 
9.16 0.105163 0.105152 0.105141 0.10513 0.210193 0.628098 6173.74 
9.17 0.104117 0.104106 0.104095 0.104084 0.208103 0.621873 6173.75 
9.18 0.103081 0.10307 0.103059 0.103049 0.206034 0.615709 6173.77 
9.19 0.102055 0.102044 0.102034 0.102024 0.203985 0.609606 6173.78 
9.2 0.101039 0.101029 0.101019 0.101009 0.201956 0.603564 6173.79 
9.21 0.100034 0.100024 0.100014 0.100004 0.199948 0.597581 6173.8 
9.22 0.0990387 0.0990289 0.0990191 0.0990093 0.19796 0.591657 6173.81 
9.23 0.0980532 0.0980436 0.098034 0.0980244 0.195991 0.585792 6173.83 
9.24 0.0970776 0.0970682 0.0970587 0.0970493 0.194042 0.579985 6173.84 
9.25 0.0961117 0.0961024 0.0960932 0.0960839 0.192113 0.574235 6173.85 
9.26 0.0951553 0.0951463 0.0951372 0.0951282 0.190202 0.568542 6173.86 
9.27 0.0942085 0.0941996 0.0941908 0.0941819 0.188311 0.562905 6173.87 
9.28 0.0932711 0.0932624 0.0932537 0.093245 0.186438 0.557324 6173.88 
9.29 0.0923431 0.0923345 0.092326 0.0923175 0.184584 0.551798 6173.89 
9.3 0.0914242 0.0914159 0.0914075 0.0913992 0.182748 0.546327 6173.91 
9.31 0.0905145 0.0905064 0.0904982 0.09049 0.180931 0.54091 6173.92 
9.32 0.0896139 0.0896059 0.0895978 0.0895898 0.179132 0.535546 6173.93 
9.33 0.0887222 0.0887144 0.0887065 0.0886986 0.17735 0.530236 6173.94 
9.34 0.0878394 0.0878317 0.087824 0.0878163 0.175586 0.524978 6173.95 
9.35 0.0869654 0.0869579 0.0869503 0.0869427 0.17384 0.519772 6173.96 
9.36 0.0861001 0.0860927 0.0860853 0.0860779 0.172111 0.514617 6173.97 
9.37 0.0852434 0.0852361 0.0852289 0.0852216 0.1704 0.509513 6173.98 
9.38 0.0843952 0.0843881 0.084381 0.0843738 0.168705 0.50446 6173.99 
9.39 0.0835555 0.0835485 0.0835415 0.0835345 0.167027 0.499457 6174 
9.4 0.0827241 0.0827172 0.0827104 0.0827035 0.165366 0.494503 6174.01 
9.41 0.0819009 0.0818942 0.0818875 0.0818808 0.163721 0.489599 6174.02 
9.42 0.081086 0.0810794 0.0810729 0.0810663 0.162093 0.484743 6174.03 
9.43 0.0802792 0.0802728 0.0802663 0.0802599 0.160481 0.479935 6174.04 
9.44 0.0794804 0.0794741 0.0794678 0.0794615 0.158885 0.475174 6174.05 
9.45 0.0786896 0.0786834 0.0786772 0.078671 0.157305 0.470461 6174.06 
9.46 0.0779066 0.0779005 0.0778945 0.0778884 0.15574 0.465794 6174.07 
9.47 0.0771314 0.0771255 0.0771195 0.0771136 0.154191 0.461173 6174.08 
9.48 0.0763639 0.0763581 0.0763523 0.0763464 0.152658 0.456598 6174.09 
9.49 0.0756041 0.0755984 0.0755927 0.075587 0.15114 0.452068 6174.09 
9.5 0.0748518 0.0748462 0.0748406 0.074835 0.149636 0.447584 6174.1 
9.51 0.074107 0.0741015 0.0740961 0.0740906 0.148148 0.443143 6174.11 
9.52 0.0733697 0.0733643 0.0733589 0.0733535 0.146675 0.438747 6174.12 
9.53 0.0726396 0.0726343 0.0726291 0.0726238 0.145216 0.434394 6174.13 
9.54 0.0719168 0.0719117 0.0719065 0.0719013 0.143772 0.430084 6174.14 
9.55 0.0712013 0.0711962 0.0711911 0.0711861 0.142342 0.425816 6174.15 
9.56 0.0704928 0.0704878 0.0704829 0.0704779 0.140926 0.421591 6174.16 
9.57 0.0697914 0.0697865 0.0697816 0.0697768 0.139524 0.417408 6174.16 
9.58 0.0690969 0.0690922 0.0690874 0.0690826 0.138137 0.413266 6174.17 
9.59 0.0684094 0.0684047 0.0684001 0.0683954 0.136763 0.409166 6174.18 
9.6 0.0677287 0.0677241 0.0677196 0.067715 0.135402 0.405105 6174.19 
9.61 0.0670548 0.0670503 0.0670458 0.0670413 0.134056 0.401085 6174.2 
9.62 0.0663876 0.0663832 0.0663788 0.0663744 0.132722 0.397105 6174.2 
9.63 0.065727 0.0657227 0.0657184 0.0657141 0.131402 0.393164 6174.21 
9.64 0.0650731 0.0650688 0.0650646 0.0650604 0.130095 0.389263 6174.22 
9.65 0.0644256 0.0644214 0.0644173 0.0644131 0.128801 0.3854 6174.23 
9.66 0.0637845 0.0637805 0.0637764 0.0637723 0.12752 0.381575 6174.24 
9.67 0.0631499 0.0631459 0.0631419 0.0631379 0.126252 0.377788 6174.24 
9.68 0.0625215 0.0625176 0.0625137 0.0625098 0.124996 0.374038 6174.25 
9.69 0.0618994 0.0618956 0.0618917 0.0618879 0.123753 0.370326 6174.26 
9.7 0.0612835 0.0612797 0.061276 0.0612722 0.122522 0.36665 6174.27 
9.71 0.0606737 0.06067 0.0606664 0.0606627 0.121303 0.363011 6174.27 
9.72 0.06007 0.0600664 0.0600628 0.0600592 0.120097 0.359408 6174.28 
9.73 0.0594723 0.0594688 0.0594652 0.0594617 0.118902 0.35584 6174.29 
9.74 0.0588805 0.0588771 0.0588736 0.0588701 0.117719 0.352308 6174.29 
9.75 0.0582947 0.0582913 0.0582879 0.0582845 0.116549 0.348811 6174.3 
9.76 0.0577146 0.0577113 0.057708 0.0577046 0.115389 0.345349 6174.31 
9.77 0.0571404 0.0571371 0.0571338 0.0571306 0.114242 0.34192 6174.32 
9.78 0.0565718 0.0565686 0.0565654 0.0565622 0.113105 0.338526 6174.32 
9.79 0.0560089 0.0560058 0.0560026 0.0559995 0.11198 0.335165 6174.33 
9.8 0.0554516 0.0554485 0.0554454 0.0554424 0.110866 0.331838 6174.34 
9.81 0.0548998 0.0548968 0.0548938 0.0548908 0.109764 0.328544 6174.34 
9.82 0.0543536 0.0543506 0.0543477 0.0543447 0.108672 0.325282 6174.35 
9.83 0.0538128 0.0538099 0.053807 0.0538041 0.107591 0.322053 6174.36 
9.84 0.0532773 0.0532745 0.0532716 0.0532688 0.106521 0.318855 6174.36 
9.85 0.0527472 0.0527444 0.0527416 0.0527388 0.105461 0.31569 6174.37 
9.86 0.0522223 0.0522196 0.0522169 0.0522142 0.104412 0.312555 6174.37 
9.87 0.0517027 0.0517001 0.0516974 0.0516947 0.103373 0.309452 6174.38 
9.88 0.0511883 0.0511857 0.051183 0.0511804 0.102345 0.30638 6174.39 
9.89 0.0506789 0.0506764 0.0506738 0.0506712 0.101327 0.303337 6174.39 
9.9 0.0501747 0.0501722 0.0501696 0.0501671 0.100319 0.300326 6174.4 
9.91 0.0496754 0.049673 0.0496705 0.049668 0.0993213 0.297344 6174.4 
9.92 0.0491812 0.0491787 0.0491763 0.0491739 0.0983333 0.294391 6174.41 
9.93 0.0486918 0.0486894 0.0486871 0.0486847 0.0973552 0.291468 6174.42 
9.94 0.0482073 0.048205 0.0482027 0.0482003 0.0963867 0.288574 6174.42 
9.95 0.0477276 0.0477254 0.0477231 0.0477208 0.0954279 0.285708 6174.43 
9.96 0.0472527 0.0472505 0.0472483 0.047246 0.0944787 0.282871 6174.43 
9.97 0.0467826 0.0467804 0.0467782 0.046776 0.0935389 0.280062 6174.44 
9.98 0.0463171 0.0463149 0.0463128 0.0463106 0.0926084 0.277281 6174.44 
9.99 0.0458562 0.0458541 0.045852 0.0458499 0.0916872 0.274527 6174.45 
