0.00000000 1000.00000000 1000.00000000 1000.00000000 1000.00000000
0.01000000 990.00000000 990.05000000 990.04983375 990.04983375
0.02000000 980.10000000 980.19900250 980.19867331 980.19867331
0.03000000 970.29900000 970.44602243 970.44553355 970.44553355
0.04000000 960.59601000 960.79008450 960.78943916 960.78943915
0.05000000 950.99004990 951.23022316 951.22942450 951.22942450
0.06000000 941.48014940 941.76548244 941.76453359 941.76453358
0.07000000 932.06534791 932.39491589 932.39381991 932.39381991
0.08000000 922.74469443 923.11758648 923.11634639 923.11634639
0.09000000 913.51724748 913.93256649 913.93118528 913.93118527
0.10000000 904.38207501 904.83893746 904.83741804 904.83741804
0.11000000 895.33825426 895.83579003 895.83413530 895.83413530
0.12000000 886.38487172 886.92222392 886.92043673 886.92043672
0.13000000 877.52102300 878.09734779 878.09543093 878.09543092
0.14000000 868.74581277 869.36027918 869.35823541 869.35823540
0.15000000 860.05835464 860.71014440 860.70797644 860.70797643
0.16000000 851.45777109 852.14607846 852.14378898 852.14378897
0.17000000 842.94319338 843.66722498 843.66481661 843.66481660
0.18000000 834.51376145 835.27273609 835.27021142 835.27021141
0.19000000 826.16862384 826.96177237 826.95913396 826.95913394
0.20000000 817.90693760 818.73350274 818.73075309 818.73075308
0.21000000 809.72786822 810.58710438 810.58424598 810.58424597
0.22000000 801.63058954 802.52176269 802.51879798 802.51879796
0.23000000 793.61428364 794.53667116 794.53360252 794.53360250
0.24000000 785.67814081 786.63103128 786.62786108 786.62786107
0.25000000 777.82135940 778.80405252 778.80078309 778.80078307
0.26000000 770.04314581 771.05495219 771.05158582 771.05158580
0.27000000 762.34271435 763.38295542 763.37949435 763.37949434
0.28000000 754.71928720 755.78729501 755.78374147 755.78374146
0.29000000 747.17209433 748.26721143 748.26356760 748.26356758
0.30000000 739.70037339 740.82195267 740.81822070 740.81822068
0.31000000 732.30336965 733.45077424 733.44695624 733.44695622
0.32000000 724.98033596 726.15293904 726.14903709 726.14903707
0.33000000 717.73053260 718.92771730 718.92373345 718.92373343
0.34000000 710.55322727 711.77438651 711.77032278 711.77032276
0.35000000 703.44769500 704.69223136 704.68808974 704.68808972
0.36000000 696.41321805 697.68054366 697.67632609 697.67632607
0.37000000 689.44908587 690.73862225 690.73433066 690.73433064
0.38000000 682.55459501 683.86577296 683.86140923 683.86140921
0.39000000 675.72904906 677.06130852 677.05687452 677.05687450
0.40000000 668.97175857 670.32454850 670.32004606 670.32004604
0.41000000 662.28204098 663.65481924 663.65025016 663.65025014
0.42000000 655.65922057 657.05145379 657.04681984 657.04681982
0.43000000 649.10262837 650.51379183 650.50909475 650.50909472
0.44000000 642.61160208 644.04117960 644.03642111 644.03642108
0.45000000 636.18548606 637.63296986 637.62815165 637.62815162
0.46000000 629.82363120 631.28852181 631.28364553 631.28364551
0.47000000 623.52539489 625.00720102 625.00226831 625.00226828
0.48000000 617.29014094 618.78837937 618.78339183 618.78339181
0.49000000 611.11723953 612.63143499 612.62639421 612.62639418
0.50000000 605.00606714 606.53575222 606.53065974 606.53065971
0.51000000 598.95600647 600.50072148 600.49557884 600.49557881
0.52000000 592.96644640 594.52573930 594.52054800 594.52054797
0.53000000 587.03678194 588.61020820 588.60496970 588.60496968
0.54000000 581.16641412 582.75353663 582.74825240 582.74825237
0.55000000 575.35474998 576.95513894 576.94981041 576.94981038
0.56000000 569.60120248 571.21443530 571.20906388 571.20906385
0.57000000 563.90519045 565.53085167 565.52543873 565.52543870
0.58000000 558.26613855 559.90381970 559.89836659 559.89836657
0.59000000 552.68347716 554.33277669 554.32728476 554.32728473
0.60000000 547.15664239 548.81716556 548.81163612 548.81163609
0.61000000 541.68507597 543.35643477 543.35086910 543.35086907
0.62000000 536.26822521 537.95003824 537.94443762 537.94443759
0.63000000 530.90554296 532.59743536 532.59180104 532.59180101
0.64000000 525.59648753 527.29809088 527.29242407 527.29242404
0.65000000 520.34052265 522.05147487 522.04577679 522.04577676
0.66000000 515.13711742 516.85706270 516.85133452 516.85133449
0.67000000 509.98574625 511.71433493 511.70857782 511.70857779
0.68000000 504.88588879 506.62277729 506.61699239 506.61699237
0.69000000 499.83702990 501.58188066 501.57606910 501.57606907
0.70000000 494.83865960 496.59114095 496.58530382 496.58530379
0.71000000 489.89027300 491.65005909 491.64419749 491.64419746
0.72000000 484.99137027 486.75814101 486.75225599 486.75225596
0.73000000 480.14145657 481.91489750 481.90899012 481.90899009
0.74000000 475.34004201 477.11984427 477.11391555 477.11391552
0.75000000 470.58664159 472.37250182 472.36655277 472.36655274
0.76000000 465.88077517 467.67239543 467.66642704 467.66642701
0.77000000 461.22196742 463.01905509 463.01306834 463.01306831
0.78000000 456.60974774 458.41201550 458.40601134 458.40601131
0.79000000 452.04365027 453.85081594 453.84479531 453.84479528
0.80000000 447.52321376 449.33500032 449.32896415 449.32896412
0.81000000 443.04798163 444.86411707 444.85806625 444.85806622
0.82000000 438.61750181 440.43771911 440.43165454 440.43165451
0.83000000 434.23132679 436.05536380 436.04928635 436.04928632
0.84000000 429.88901352 431.71661293 431.71052346 431.71052343
0.85000000 425.59012339 427.42103263 427.41493198 427.41493195
0.86000000 421.33422215 423.16819336 423.16208235 423.16208232
0.87000000 417.12087993 418.95766983 418.95154928 418.95154925
0.88000000 412.94967113 414.78904102 414.78291171 414.78291168
0.89000000 408.82017442 410.66189006 410.65575278 410.65575275
0.90000000 404.73197268 406.57580425 406.56965977 406.56965974
0.91000000 400.68465295 402.53037500 402.52422406 402.52422403
0.92000000 396.67780642 398.52519777 398.51904112 398.51904108
0.93000000 392.71102836 394.55987205 394.55371040 394.55371037
0.94000000 388.78391807 390.63400133 390.62783539 390.62783536
0.95000000 384.89607889 386.74719301 386.74102349 386.74102345
0.96000000 381.04711810 382.89905844 382.89288601 382.89288598
0.97000000 377.23664692 379.08921281 379.08303813 379.08303810
0.98000000 373.46428045 375.31727514 375.31109888 375.31109885
0.99000000 369.72963765 371.58286826 371.57669105 371.57669102
1.00000000 366.03234127 367.88561872 367.87944120 367.87944117
1.01000000 362.37201786 364.22515681 364.21897960 364.21897957
1.02000000 358.74829768 360.60111650 360.59494020 360.59494017
1.03000000 355.16081471 357.01313539 357.00696060 357.00696057
1.04000000 351.60920656 353.46085469 353.45468199 353.45468196
1.05000000 348.09311449 349.94391919 349.93774914 349.93774911
1.06000000 344.61218335 346.46197719 346.45581036 346.45581033
1.07000000 341.16606151 343.01468052 343.00851745 343.00851742
1.08000000 337.75440090 339.60168445 339.59552568 339.59552564
1.09000000 334.37685689 336.22264769 336.21649374 336.21649371
1.10000000 331.03308832 332.87723234 332.87108373 332.87108370
1.11000000 327.72275744 329.56510388 329.55896111 329.55896108
1.12000000 324.44552986 326.28593110 326.27979465 326.27979462
1.13000000 321.20107456 323.03938608 323.03325645 323.03325642
1.14000000 317.98906382 319.82514419 319.81902185 319.81902182
1.15000000 314.80917318 316.64288401 316.63676941 316.63676938
1.16000000 311.66108145 313.49228731 313.48618091 313.48618088
1.17000000 308.54447063 310.37303905 310.36694130 310.36694127
1.18000000 305.45902593 307.28482731 307.27873863 307.27873860
1.19000000 302.40443567 304.22734328 304.22126410 304.22126407
1.20000000 299.38039131 301.20028122 301.19421194 301.19421191
1.21000000 296.38658740 298.20333842 298.19727946 298.19727943
1.22000000 293.42272153 295.23621520 295.23016695 295.23016692
1.23000000 290.48849431 292.29861486 292.29257771 292.29257768
1.24000000 287.58360937 289.39024364 289.38421797 289.38421794
1.25000000 284.70777327 286.51081072 286.50479689 286.50479686
1.26000000 281.86069554 283.66002815 283.65402653 283.65402650
1.27000000 279.04208859 280.83761087 280.83162181 280.83162178
1.28000000 276.25166770 278.04327664 278.03730048 278.03730045
1.29000000 273.48915102 275.27674604 275.27078312 275.27078309
1.30000000 270.75425951 272.53774242 272.53179306 272.53179303
1.31000000 268.04671692 269.82599188 269.82005641 269.82005638
1.32000000 265.36624975 267.14122326 267.13530200 267.13530197
1.33000000 262.71258725 264.48316809 264.47726133 264.47726130
1.34000000 260.08546138 261.85156057 261.84566861 261.84566858
1.35000000 257.48460676 259.24613754 259.24026068 259.24026065
1.36000000 254.90976070 256.66663847 256.66077698 256.66077695
1.37000000 252.36066309 254.11280542 254.10695958 254.10695955
1.38000000 249.83705646 251.58438300 251.57855309 251.57855306
1.39000000 247.33868589 249.08111839 249.07530466 249.07530463
1.40000000 244.86529903 246.60276127 246.59696397 246.59696394
1.41000000 242.41664604 244.14906379 244.14328318 244.14328315
1.42000000 239.99247958 241.71978061 241.71401693 241.71401690
1.43000000 237.59255479 239.31466879 239.30892227 239.30892224
1.44000000 235.21662924 236.93348784 236.92775871 236.92775868
1.45000000 232.86446295 234.57599963 234.57028812 234.57028809
1.46000000 230.53581832 232.24196843 232.23627476 232.23627473
1.47000000 228.23046014 229.93116085 229.92548522 229.92548519
1.48000000 225.94815553 227.64334580 227.63768841 227.63768838
1.49000000 223.68867398 225.37829451 225.37265557 225.37265554
1.50000000 221.45178724 223.13578048 223.13016018 223.13016015
1.51000000 219.23726937 220.91557946 220.90997799 220.90997796
1.52000000 217.04489667 218.71746945 218.71188698 218.71188695
1.53000000 214.87444771 216.54123063 216.53566734 216.53566732
1.54000000 212.72570323 214.38664538 214.38110145 214.38110143
1.55000000 210.59844620 212.25349826 212.24797385 212.24797383
1.56000000 208.49246173 210.14157595 210.13607123 210.13607120
1.57000000 206.40753712 208.05066727 208.04518238 208.04518236
1.58000000 204.34346175 205.98056313 205.97509823 205.97509820
1.59000000 202.30002713 203.93105653 203.92561176 203.92561173
1.60000000 200.27702686 201.90194252 201.89651802 201.89651799
1.61000000 198.27425659 199.89301819 199.88761410 199.88761408
1.62000000 196.29151402 197.90408266 197.89869911 197.89869908
1.63000000 194.32859888 195.93493703 195.92957415 195.92957413
1.64000000 192.38531289 193.98538441 193.98004232 193.98004229
1.65000000 190.46145977 192.05522984 192.04990865 192.04990862
1.66000000 188.55684517 190.14428030 190.13898013 190.13898010
1.67000000 186.67127672 188.25234471 188.24706567 188.24706564
1.68000000 184.80456395 186.37923388 186.37397607 186.37397604
1.69000000 182.95651831 184.52476050 184.51952402 184.51952399
1.70000000 181.12695313 182.68873914 182.68352408 182.68352405
1.71000000 179.31568359 180.87098618 180.86579264 180.86579262
1.72000000 177.52252676 179.07131987 179.06614794 179.06614791
1.73000000 175.74730149 177.28956024 177.28441000 177.28440997
1.74000000 173.98982848 175.52552911 175.52040064 175.52040062
1.75000000 172.24993019 173.77905010 173.77394348 173.77394345
1.76000000 170.52743089 172.04994855 172.04486385 172.04486382
1.77000000 168.82215658 170.33805156 170.33298885 170.33298883
1.78000000 167.13393501 168.64318795 168.63814729 168.63814727
1.79000000 165.46259566 166.96518823 166.96016969 166.96016967
1.80000000 163.80796971 165.30388460 165.29888825 165.29888822
1.81000000 162.16989001 163.65911095 163.65413683 163.65413680
1.82000000 160.54819111 162.03070280 162.02575096 162.02575093
1.83000000 158.94270920 160.41849731 160.41356780 160.41356778
1.84000000 157.35328211 158.82233326 158.81742613 158.81742611
1.85000000 155.77974929 157.24205104 157.23716634 157.23716631
1.86000000 154.22195179 155.67749263 155.67263039 155.67263037
1.87000000 152.67973228 154.12850158 154.12366184 154.12366182
1.88000000 151.15293495 152.59492299 152.59010578 152.59010576
1.89000000 149.64140560 151.07660351 151.07180886 151.07180884
1.90000000 148.14499155 149.57339130 149.56861925 149.56861922
1.91000000 146.66354163 148.08513606 148.08038662 148.08038660
1.92000000 145.19690622 146.61168896 146.60696215 146.60696213
1.93000000 143.74493715 145.15290265 145.14819851 145.14819848
1.94000000 142.30748778 143.70863127 143.70394980 143.70394978
1.95000000 140.88441290 142.27873039 142.27407161 142.27407159
1.96000000 139.47556878 140.86305702 140.85842094 140.85842092
1.97000000 138.08081309 139.46146960 139.45685624 139.45685622
1.98000000 136.70000496 138.07382798 138.06923733 138.06923731
1.99000000 135.33300491 136.69999339 136.69542547 136.69542545
2.00000000 133.97967486 135.33982846 135.33528326 135.33528324
2.01000000 132.63987811 133.99319717 133.98867469 133.98867467
2.02000000 131.31347933 132.65996485 132.65546510 132.65546508
2.03000000 130.00034454 131.33999820 131.33552117 131.33552115
2.04000000 128.70034109 130.03316522 130.02871090 130.02871088
2.05000000 127.41333768 128.73933523 128.73490361 128.73490359
2.06000000 126.13920430 127.45837884 127.45396992 127.45396989
2.07000000 124.87781226 126.19016797 126.18578173 126.18578171
2.08000000 123.62903414 124.93457580 124.93021222 124.93021220
2.09000000 122.39274379 123.69147677 123.68713584 123.68713582
2.10000000 121.16881636 122.46074658 122.45642827 122.45642825
2.11000000 119.95712819 121.24226215 121.23796645 121.23796643
2.12000000 118.75755691 120.03590164 120.03162853 120.03162851
2.13000000 117.56998134 118.84154442 118.83729387 118.83729385
2.14000000 116.39428153 117.65907105 117.65484304 117.65484302
2.15000000 115.23033871 116.48836330 116.48415779 116.48415777
2.16000000 114.07803533 115.32930408 115.32512106 115.32512104
2.17000000 112.93725497 114.18177751 114.17761693 114.17761691
2.18000000 111.80788242 113.04566882 113.04153066 113.04153064
2.19000000 110.68980360 111.92086441 111.91674864 111.91674862
2.20000000 109.58290556 110.80725181 110.80315838 110.80315836
2.21000000 108.48707651 109.70471966 109.70064854 109.70064852
2.22000000 107.40220574 108.61315770 108.60910885 108.60910882
2.23000000 106.32818369 107.53245678 107.52843016 107.52843014
2.24000000 105.26490185 106.46250883 106.45850440 106.45850438
2.25000000 104.21225283 105.40320687 105.39922458 105.39922456
2.26000000 103.17013030 104.35444496 104.35048477 104.35048475
2.27000000 102.13842900 103.31611823 103.31218010 103.31218008
2.28000000 101.11704471 102.28812286 102.28420674 102.28420672
2.29000000 100.10587426 101.27035604 101.26646187 101.26646185
2.30000000 99.10481552 100.26271599 100.25884374 100.25884372
2.31000000 98.11376736 99.26510197 99.26125158 99.26125156
2.32000000 97.13262969 98.27741420 98.27358562 98.27358560
2.33000000 96.16130339 97.29955393 97.29574711 97.29574709
2.34000000 95.19969036 96.33142337 96.32763825 96.32763823
2.35000000 94.24769346 95.37292571 95.36916223 95.36916222
2.36000000 93.30521652 94.42396510 94.42022322 94.42022320
2.37000000 92.37216436 93.48444665 93.48072630 93.48072628
2.38000000 91.44844271 92.55427640 92.55057753 92.55057751
2.39000000 90.53395829 91.63336135 91.62968390 91.62968388
2.40000000 89.62861870 90.72160941 90.71795331 90.71795329
2.41000000 88.73233252 89.81892939 89.81529459 89.81529457
2.42000000 87.84500919 88.92523104 88.92161748 88.92161746
2.43000000 86.96655910 88.04042500 88.03683260 88.03683258
2.44000000 86.09689351 87.16442277 87.16085148 87.16085146
2.45000000 85.23592457 86.29713676 86.29358652 86.29358650
2.46000000 84.38356533 85.43848025 85.43495098 85.43495097
2.47000000 83.53972967 84.58836737 84.58485902 84.58485900
2.48000000 82.70433238 83.74671312 83.74322561 83.74322559
2.49000000 81.87728905 82.91343332 82.90996659 82.90996658
2.50000000 81.05851616 82.08844466 82.08499864 82.08499862
2.51000000 80.24793100 81.27166463 81.26823926 81.26823924
2.52000000 79.44545169 80.46301157 80.45960677 80.45960675
2.53000000 78.65099717 79.66240461 79.65902030 79.65902029
2.54000000 77.86448720 78.86976368 78.86639981 78.86639979
2.55000000 77.08584233 78.08500953 78.08166602 78.08166600
2.56000000 76.31498391 77.30806369 77.30474046 77.30474044
2.57000000 75.55183407 76.53884845 76.53554544 76.53554542
2.58000000 74.79631573 75.77728691 75.77400404 75.77400402
2.59000000 74.04835257 75.02330291 75.02004010 75.02004009
2.60000000 73.30786904 74.27682104 74.27357823 74.27357821
2.61000000 72.57479035 73.53776667 73.53454378 73.53454376
2.62000000 71.84904245 72.80606589 72.80286284 72.80286283
2.63000000 71.13055203 72.08164554 72.07846225 72.07846224
2.64000000 70.41924651 71.36443317 71.36126957 71.36126956
2.65000000 69.71505404 70.65435706 70.65121308 70.65121306
2.66000000 69.01790350 69.95134620 69.94822176 69.94822174
2.67000000 68.32772446 69.25533031 69.25222532 69.25222531
2.68000000 67.64444722 68.56623977 68.56315417 68.56315415
2.69000000 66.96800275 67.88400569 67.88093939 67.88093937
2.70000000 66.29832272 67.20855983 67.20551275 67.20551274
2.71000000 65.63533949 66.53983466 66.53680673 66.53680672
2.72000000 64.97898610 65.87776330 65.87475444 65.87475443
2.73000000 64.32919624 65.22227956 65.21928968 65.21928967
2.74000000 63.68590427 64.57331788 64.57034691 64.57034689
2.75000000 63.04904523 63.93081336 63.92786122 63.92786121
2.76000000 62.41855478 63.29470177 63.29176837 63.29176836
2.77000000 61.79436923 62.66491949 62.66200476 62.66200474
2.78000000 61.17642554 62.04140354 62.03850739 62.03850738
2.79000000 60.56466128 61.42409158 61.42121393 61.42121392
2.80000000 59.95901467 60.81292186 60.81006264 60.81006263
2.81000000 59.35942452 60.20783329 60.20499241 60.20499239
2.82000000 58.76583028 59.60876535 59.60594272 59.60594271
2.83000000 58.17817198 59.01565813 59.01285368 59.01285367
2.84000000 57.59639026 58.42845234 58.42566598 58.42566596
2.85000000 57.02042635 57.84708924 57.84432089 57.84432087
2.86000000 56.45022209 57.27151070 57.26876028 57.26876027
2.87000000 55.88571987 56.70165917 56.69892659 56.69892658
2.88000000 55.32686267 56.13747766 56.13476285 56.13476283
2.89000000 54.77359404 55.57890976 55.57621262 55.57621261
2.90000000 54.22585810 55.02589960 55.02322007 55.02322006
2.91000000 53.68359952 54.47839190 54.47572988 54.47572987
2.92000000 53.14676353 53.93633190 53.93368731 53.93368730
2.93000000 52.61529589 53.39966540 53.39703816 53.39703815
2.94000000 52.08914293 52.86833873 52.86572875 52.86572874
2.95000000 51.56825150 52.34229876 52.33970596 52.33970595
2.96000000 51.05256899 51.82149289 51.81891719 51.81891717
2.97000000 50.54204330 51.30586903 51.30331034 51.30331033
2.98000000 50.03662287 50.79537564 50.79283388 50.79283386
2.99000000 49.53625664 50.28996165 50.28743674 50.28743672
3.00000000 49.04089407 49.78957653 49.78706838 49.78706837
3.01000000 48.55048513 49.29417024 49.29167877 49.29167876
3.02000000 48.06498028 48.80369325 48.80121837 48.80121836
3.03000000 47.58433048 48.31809650 48.31563814 48.31563813
3.04000000 47.10848717 47.83733144 47.83488951 47.83488949
3.05000000 46.63740230 47.36134999 47.35892440 47.35892439
3.06000000 46.17102828 46.89010456 46.88769523 46.88769522
3.07000000 45.70931799 46.42354802 46.42115487 46.42115486
3.08000000 45.25222481 45.96163372 45.95925666 45.95925665
3.09000000 44.79970257 45.50431546 45.50195442 45.50195440
3.10000000 44.35170554 45.05154752 45.04920241 45.04920239
3.11000000 43.90818849 44.60328463 44.60095535 44.60095534
3.12000000 43.46910660 44.15948194 44.15716843 44.15716842
3.13000000 43.03441553 43.72009510 43.71779726 43.71779725
3.14000000 42.60407138 43.28508015 43.28279791 43.28279790
3.15000000 42.17803067 42.85439360 42.85212688 42.85212687
3.16000000 41.75625036 42.42799239 42.42574109 42.42574108
3.17000000 41.33868785 42.00583386 42.00359791 42.00359790
3.18000000 40.92530098 41.58787582 41.58565513 41.58565512
3.19000000 40.51604797 41.17407645 41.17187095 41.17187094
3.20000000 40.11088749 40.76439439 40.76220399 40.76220398
3.21000000 39.70977861 40.35878867 40.35661328 40.35661327
3.22000000 39.31268083 39.95721872 39.95505827 39.95505826
3.23000000 38.91955402 39.55964439 39.55749880 39.55749879
3.24000000 38.53035848 39.16602593 39.16389511 39.16389510
3.25000000 38.14505489 38.77632397 38.77420784 38.77420783
3.26000000 37.76360434 38.39049955 38.38839803 38.38839802
3.27000000 37.38596830 38.00851408 38.00642709 38.00642708
3.28000000 37.01210862 37.63032936 37.62825682 37.62825681
3.29000000 36.64198753 37.25590759 37.25384941 37.25384940
3.30000000 36.27556766 36.88521131 36.88316741 36.88316740
3.31000000 35.91281198 36.51820345 36.51617376 36.51617375
3.32000000 35.55368386 36.15484733 36.15283176 36.15283175
3.33000000 35.19814702 35.79510660 35.79310508 35.79310507
3.34000000 34.84616555 35.43894529 35.43695773 35.43695772
3.35000000 34.49770390 35.08632778 35.08435411 35.08435410
3.36000000 34.15272686 34.73721882 34.73525895 34.73525894
3.37000000 33.81119959 34.39158349 34.38963735 34.38963734
3.38000000 33.47308759 34.04938724 34.04745474 34.04745473
3.39000000 33.13835672 33.71059584 33.70867691 33.70867690
3.40000000 32.80697315 33.37517541 33.37326997 33.37326996
3.41000000 32.47890342 33.04309241 33.04120039 33.04120038
3.42000000 32.15411438 32.71431364 32.71243495 32.71243494
3.43000000 31.83257324 32.38880622 32.38694078 32.38694077
3.44000000 31.51424751 32.06653760 32.06468534 32.06468533
3.45000000 31.19910503 31.74747555 31.74563639 31.74563638
3.46000000 30.88711398 31.43158817 31.42976203 31.42976202
3.47000000 30.57824284 31.11884387 31.11703067 31.11703066
3.48000000 30.27246041 30.80921137 30.80741104 30.80741103
3.49000000 29.96973581 30.50265972 30.50087218 30.50087217
3.50000000 29.67003845 30.19915825 30.19738343 30.19738342
3.51000000 29.37333807 29.89867663 29.89691445 29.89691444
3.52000000 29.07960469 29.60118480 29.59943518 29.59943517
3.53000000 28.78880864 29.30665301 29.30491588 29.30491587
3.54000000 28.50092055 29.01505181 29.01332709 29.01332708
3.55000000 28.21591135 28.72635204 28.72463966 28.72463965
3.56000000 27.93375223 28.44052484 28.43882472 28.43882471
3.57000000 27.65441471 28.15754162 28.15585369 28.15585368
3.58000000 27.37787056 27.87737408 27.87569826 27.87569826
3.59000000 27.10409186 27.59999421 27.59833043 27.59833042
3.60000000 26.83305094 27.32537427 27.32372246 27.32372245
3.61000000 26.56472043 27.05348679 27.05184687 27.05184687
3.62000000 26.29907323 26.78430460 26.78267650 26.78267649
3.63000000 26.03608249 26.51780077 26.51618442 26.51618441
3.64000000 25.77572167 26.25394865 26.25234397 26.25234397
3.65000000 25.51796445 25.99272186 25.99112879 25.99112878
3.66000000 25.26278481 25.73409428 25.73251273 25.73251273
3.67000000 25.01015696 25.47804004 25.47646995 25.47646995
3.68000000 24.76005539 25.22453354 25.22297484 25.22297484
3.69000000 24.51245484 24.97354943 24.97200205 24.97200204
3.70000000 24.26733029 24.72506262 24.72352648 24.72352647
3.71000000 24.02465698 24.47904824 24.47752328 24.47752327
3.72000000 23.78441042 24.23548171 24.23396785 24.23396785
3.73000000 23.54656631 23.99433867 23.99283584 23.99283584
3.74000000 23.31110065 23.75559500 23.75410314 23.75410313
3.75000000 23.07798964 23.51922683 23.51774586 23.51774586
3.76000000 22.84720974 23.28521052 23.28374038 23.28374037
3.77000000 22.61873765 23.05352268 23.05206329 23.05206329
3.78000000 22.39255027 22.82414013 22.82269143 22.82269143
3.79000000 22.16862477 22.59703993 22.59560186 22.59560185
3.80000000 21.94693852 22.37219939 22.37077186 22.37077186
3.81000000 21.72746914 22.14959600 22.14817896 22.14817896
3.82000000 21.51019444 21.92920752 21.92780090 21.92780089
3.83000000 21.29509250 21.71101191 21.70961564 21.70961563
3.84000000 21.08214157 21.49498734 21.49360135 21.49360135
3.85000000 20.87132016 21.28111221 21.27973645 21.27973644
3.86000000 20.66260696 21.06936515 21.06799953 21.06799952
3.87000000 20.45598089 20.85972496 20.85836943 20.85836943
3.88000000 20.25142108 20.65217070 20.65082519 20.65082518
3.89000000 20.04890687 20.44668160 20.44534604 20.44534604
3.90000000 19.84841780 20.24323712 20.24191145 20.24191145
3.91000000 19.64993362 20.04181691 20.04050107 20.04050106
3.92000000 19.45343429 19.84240083 19.84109475 19.84109474
3.93000000 19.25889994 19.64496894 19.64367256 19.64367255
3.94000000 19.06631094 19.44950150 19.44821475 19.44821475
3.95000000 18.87564783 19.25597896 19.25470178 19.25470178
3.96000000 18.68689136 19.06438197 19.06311430 19.06311429
3.97000000 18.50002244 18.87469137 18.87343314 18.87343314
3.98000000 18.31502222 18.68688819 18.68563934 18.68563934
3.99000000 18.13187199 18.50095366 18.49971413 18.49971412
4.00000000 17.95055328 18.31686917 18.31563889 18.31563889
4.01000000 17.77104774 18.13461632 18.13339524 18.13339524
4.02000000 17.59333726 17.95417689 17.95296495 17.95296494
4.03000000 17.41740389 17.77553283 17.77432996 17.77432995
4.04000000 17.24322985 17.59866627 17.59747242 17.59747242
4.05000000 17.07079755 17.42355955 17.42237465 17.42237464
4.06000000 16.90008958 17.25019513 17.24901912 17.24901912
4.07000000 16.73108868 17.07855569 17.07738851 17.07738851
4.08000000 16.56377780 16.90862406 16.90746566 16.90746565
4.09000000 16.39814002 16.74038325 16.73923356 16.73923356
4.10000000 16.23415862 16.57381643 16.57267541 16.57267540
4.11000000 16.07181703 16.40890696 16.40777453 16.40777453
4.12000000 15.91109886 16.24563834 16.24451445 16.24451444
4.13000000 15.75198787 16.08399424 16.08287883 16.08287882
4.14000000 15.59446799 15.92395849 15.92285151 15.92285150
4.15000000 15.43852331 15.76551511 15.76441649 15.76441648
4.16000000 15.28413808 15.60864823 15.60755793 15.60755792
4.17000000 15.13129670 15.45334218 15.45226013 15.45226012
4.18000000 14.97998373 15.29958143 15.29850757 15.29850757
4.19000000 14.83018390 15.14735059 15.14628488 15.14628487
4.20000000 14.68188206 14.99663445 14.99557683 14.99557682
4.21000000 14.53506324 14.84741794 14.84636834 14.84636834
4.22000000 14.38971260 14.69968613 14.69864451 14.69864450
4.23000000 14.24581548 14.55342425 14.55239055 14.55239055
4.24000000 14.10335732 14.40861768 14.40759185 14.40759184
4.25000000 13.96232375 14.26525194 14.26423391 14.26423391
4.26000000 13.82270051 14.12331268 14.12230242 14.12230241
4.27000000 13.68447351 13.98278572 13.98178316 13.98178315
4.28000000 13.54762877 13.84365700 13.84266209 13.84266209
4.29000000 13.41215248 13.70591261 13.70492530 13.70492530
4.30000000 13.27803096 13.56953878 13.56855902 13.56855901
4.31000000 13.14525065 13.43452187 13.43354960 13.43354959
4.32000000 13.01379814 13.30084838 13.29988355 13.29988354
4.33000000 12.88366016 13.16850494 13.16754749 13.16754749
4.34000000 12.75482356 13.03747831 13.03652821 13.03652820
4.35000000 12.62727533 12.90775540 12.90681259 12.90681258
4.36000000 12.50100257 12.77932324 12.77838765 12.77838765
4.37000000 12.37599255 12.65216897 12.65124057 12.65124057
4.38000000 12.25223262 12.52627989 12.52535863 12.52535862
4.39000000 12.12971029 12.40164341 12.40072923 12.40072922
4.40000000 12.00841319 12.27824705 12.27733991 12.27733990
4.41000000 11.88832906 12.15607850 12.15517833 12.15517833
4.42000000 11.76944577 12.03512552 12.03423229 12.03423228
4.43000000 11.65175131 11.91537602 11.91448968 11.91448967
4.44000000 11.53523380 11.79681802 11.79593852 11.79593852
4.45000000 11.41988146 11.67943969 11.67856697 11.67856697
4.46000000 11.30568265 11.56322926 11.56236329 11.56236329
4.47000000 11.19262582 11.44817513 11.44731585 11.44731585
4.48000000 11.08069956 11.33426579 11.33341316 11.33341315
4.49000000 10.96989257 11.22148984 11.22064381 11.22064381
4.50000000 10.86019364 11.10983602 11.10899654 11.10899654
4.51000000 10.75159170 10.99929315 10.99846018 10.99846018
4.52000000 10.64407579 10.88985018 10.88902367 10.88902367
4.53000000 10.53763503 10.78149617 10.78067608 10.78067607
4.54000000 10.43225868 10.67422029 10.67340656 10.67340655
4.55000000 10.32793609 10.56801180 10.56720439 10.56720438
4.56000000 10.22465673 10.46286008 10.46205895 10.46205894
4.57000000 10.12241016 10.35875462 10.35795972 10.35795972
4.58000000 10.02118606 10.25568501 10.25489630 10.25489630
4.59000000 9.92097420 10.15364095 10.15285838 10.15285837
4.60000000 9.82176446 10.05261222 10.05183575 10.05183574
4.61000000 9.72354681 9.95258873 9.95181831 9.95181831
4.62000000 9.62631135 9.85356047 9.85279607 9.85279606
4.63000000 9.53004823 9.75551754 9.75475911 9.75475910
4.64000000 9.43474775 9.65845014 9.65769763 9.65769763
4.65000000 9.34040027 9.56234856 9.56160193 9.56160193
4.66000000 9.24699627 9.46720320 9.46646241 9.46646240
4.67000000 9.15452631 9.37300452 9.37226953 9.37226953
4.68000000 9.06298104 9.27974313 9.27901389 9.27901389
4.69000000 8.97235123 9.18740968 9.18668616 9.18668616
4.70000000 8.88262772 9.09599496 9.09527711 9.09527710
4.71000000 8.79380144 9.00548981 9.00477759 9.00477758
4.72000000 8.70586343 8.91588518 8.91517855 8.91517855
4.73000000 8.61880480 8.82717213 8.82647104 8.82647104
4.74000000 8.53261675 8.73934176 8.73864619 8.73864619
4.75000000 8.44729058 8.65238531 8.65169521 8.65169520
4.76000000 8.36281767 8.56629408 8.56560940 8.56560940
4.77000000 8.27918950 8.48105945 8.48038016 8.48038016
4.78000000 8.19639760 8.39667291 8.39599897 8.39599897
4.79000000 8.11443363 8.31312602 8.31245739 8.31245738
4.80000000 8.03328929 8.23041041 8.22974705 8.22974705
4.81000000 7.95295640 8.14851783 8.14785970 8.14785970
4.82000000 7.87342683 8.06744008 8.06678714 8.06678714
4.83000000 7.79469257 7.98716905 7.98652127 7.98652127
4.84000000 7.71674564 7.90769672 7.90705405 7.90705405
4.85000000 7.63957818 7.82901513 7.82837755 7.82837755
4.86000000 7.56318240 7.75111643 7.75048389 7.75048389
4.87000000 7.48755058 7.67399282 7.67336529 7.67336529
4.88000000 7.41267507 7.59763660 7.59701403 7.59701403
4.89000000 7.33854832 7.52204011 7.52142248 7.52142247
4.90000000 7.26516284 7.44719581 7.44658307 7.44658307
4.91000000 7.19251121 7.37309621 7.37248833 7.37248833
4.92000000 7.12058610 7.29973391 7.29913085 7.29913085
4.93000000 7.04938024 7.22710155 7.22650328 7.22650328
4.94000000 6.97888643 7.15519189 7.15459838 7.15459837
4.95000000 6.90909757 7.08399774 7.08340893 7.08340893
4.96000000 6.84000659 7.01351196 7.01292784 7.01292783
4.97000000 6.77160653 6.94372751 6.94314804 6.94314803
4.98000000 6.70389046 6.87463742 6.87406256 6.87406256
4.99000000 6.63685156 6.80623478 6.80566450 6.80566449
5.00000000 6.57048304 6.73851275 6.73794700 6.73794700
5.01000000 6.50477821 6.67146454 6.67090331 6.67090331
5.02000000 6.43973043 6.60508347 6.60452671 6.60452671
5.03000000 6.37533313 6.53936289 6.53881057 6.53881057
5.04000000 6.31157979 6.47429623 6.47374832 6.47374832
5.05000000 6.24846400 6.40987698 6.40933345 6.40933345
5.06000000 6.18597936 6.34609871 6.34555952 6.34555951
5.07000000 6.12411956 6.28295503 6.28242014 6.28242014
5.08000000 6.06287837 6.22043962 6.21990902 6.21990902
5.09000000 6.00224958 6.15854625 6.15801989 6.15801989
5.10000000 5.94222709 6.09726871 6.09674657 6.09674657
5.11000000 5.88280482 6.03660089 6.03608293 6.03608292
5.12000000 5.82397677 5.97653671 5.97602290 5.97602290
5.13000000 5.76573700 5.91707017 5.91656048 5.91656047
5.14000000 5.70807963 5.85819532 5.85768972 5.85768971
5.15000000 5.65099883 5.79990628 5.79940473 5.79940473
5.16000000 5.59448885 5.74219721 5.74169969 5.74169969
5.17000000 5.53854396 5.68506235 5.68456882 5.68456882
5.18000000 5.48315852 5.62849598 5.62800642 5.62800641
5.19000000 5.42832693 5.57249244 5.57200682 5.57200681
5.20000000 5.37404366 5.51704614 5.51656442 5.51656442
5.21000000 5.32030323 5.46215154 5.46167369 5.46167369
5.22000000 5.26710019 5.40780313 5.40732913 5.40732913
5.23000000 5.21442919 5.35399549 5.35352531 5.35352530
5.24000000 5.16228490 5.30072323 5.30025684 5.30025684
5.25000000 5.11066205 5.24798103 5.24751840 5.24751840
5.26000000 5.05955543 5.19576362 5.19530472 5.19530472
5.27000000 5.00895988 5.14406578 5.14361058 5.14361057
5.28000000 4.95887028 5.09288232 5.09243079 5.09243079
5.29000000 4.90928158 5.04220814 5.04176026 5.04176026
5.30000000 4.86018876 4.99203817 4.99159391 4.99159391
5.31000000 4.81158687 4.94236739 4.94192672 4.94192672
5.32000000 4.76347100 4.89319084 4.89275373 4.89275373
5.33000000 4.71583629 4.84450359 4.84407001 4.84407001
5.34000000 4.66867793 4.79630078 4.79587071 4.79587071
5.35000000 4.62199115 4.74857758 4.74815100 4.74815100
5.36000000 4.57577124 4.70132924 4.70090611 4.70090611
5.37000000 4.53001353 4.65455101 4.65413131 4.65413131
5.38000000 4.48471339 4.60823823 4.60782193 4.60782193
5.39000000 4.43986626 4.56238626 4.56197334 4.56197334
5.40000000 4.39546760 4.51699051 4.51658094 4.51658094
5.41000000 4.35151292 4.47204646 4.47164021 4.47164021
5.42000000 4.30799779 4.42754960 4.42714665 4.42714665
5.43000000 4.26491781 4.38349548 4.38309580 4.38309580
5.44000000 4.22226863 4.33987970 4.33948327 4.33948327
5.45000000 4.18004595 4.29669789 4.29630469 4.29630469
5.46000000 4.13824549 4.25394575 4.25355575 4.25355574
5.47000000 4.09686303 4.21161899 4.21123216 4.21123216
5.48000000 4.05589440 4.16971338 4.16932970 4.16932970
5.49000000 4.01533546 4.12822473 4.12784418 4.12784417
5.50000000 3.97518210 4.08714890 4.08677144 4.08677144
5.51000000 3.93543028 4.04648177 4.04610739 4.04610738
5.52000000 3.89607598 4.00621927 4.00584794 4.00584794
5.53000000 3.85711522 3.96635739 3.96598909 3.96598909
5.54000000 3.81854407 3.92689213 3.92652684 3.92652684
5.55000000 3.78035863 3.88781956 3.88745725 3.88745724
5.56000000 3.74255504 3.84913575 3.84877640 3.84877640
5.57000000 3.70512949 3.81083685 3.81048043 3.81048043
5.58000000 3.66807820 3.77291903 3.77256552 3.77256552
5.59000000 3.63139741 3.73537848 3.73502787 3.73502786
5.60000000 3.59508344 3.69821147 3.69786372 3.69786372
5.61000000 3.55913261 3.66141426 3.66106936 3.66106936
5.62000000 3.52354128 3.62498319 3.62464111 3.62464111
5.63000000 3.48830587 3.58891461 3.58857533 3.58857533
5.64000000 3.45342281 3.55320491 3.55286841 3.55286841
5.65000000 3.41888858 3.51785052 3.51751678 3.51751677
5.66000000 3.38469969 3.48284791 3.48251690 3.48251690
5.67000000 3.35085270 3.44819357 3.44786528 3.44786528
5.68000000 3.31734417 3.41388404 3.41355845 3.41355844
5.69000000 3.28417073 3.37991590 3.37959297 3.37959297
5.70000000 3.25132902 3.34628573 3.34596546 3.34596546
5.71000000 3.21881573 3.31299019 3.31267255 3.31267254
5.72000000 3.18662757 3.28002594 3.27971090 3.27971090
5.73000000 3.15476130 3.24738968 3.24707724 3.24707723
5.74000000 3.12321369 3.21507815 3.21476828 3.21476828
5.75000000 3.09198155 3.18308812 3.18278080 3.18278080
5.76000000 3.06106173 3.15141640 3.15111160 3.15111160
5.77000000 3.03045112 3.12005980 3.11975752 3.11975751
5.78000000 3.00014660 3.08901521 3.08871541 3.08871541
5.79000000 2.97014514 3.05827951 3.05798218 3.05798218
5.80000000 2.94044369 3.02784963 3.02755475 3.02755475
5.81000000 2.91103925 2.99772252 2.99743007 2.99743007
5.82000000 2.88192886 2.96789518 2.96760515 2.96760514
5.83000000 2.85310957 2.93836463 2.93807698 2.93807698
5.84000000 2.82457847 2.90912790 2.90884263 2.90884263
5.85000000 2.79633269 2.88018208 2.87989916 2.87989916
5.86000000 2.76836936 2.85152426 2.85124368 2.85124368
5.87000000 2.74068567 2.82315160 2.82287334 2.82287333
5.88000000 2.71327881 2.79506124 2.79478528 2.79478528
5.89000000 2.68614602 2.76725038 2.76697670 2.76697670
5.90000000 2.65928456 2.73971624 2.73944482 2.73944482
5.91000000 2.63269172 2.71245606 2.71218689 2.71218689
5.92000000 2.60636480 2.68546712 2.68520018 2.68520018
5.93000000 2.58030115 2.65874673 2.65848199 2.65848199
5.94000000 2.55449814 2.63229220 2.63202965 2.63202965
5.95000000 2.52895316 2.60610089 2.60584052 2.60584052
5.96000000 2.50366363 2.58017019 2.57991197 2.57991197
5.97000000 2.47862699 2.55449749 2.55424142 2.55424142
5.98000000 2.45384072 2.52908024 2.52882629 2.52882629
5.99000000 2.42930231 2.50391589 2.50366405 2.50366405
6.00000000 2.40500929 2.47900193 2.47875218 2.47875218
6.01000000 2.38095920 2.45433586 2.45408818 2.45408818
6.02000000 2.35714961 2.42991522 2.42966960 2.42966960
6.03000000 2.33357811 2.40573756 2.40549398 2.40549398
6.04000000 2.31024233 2.38180047 2.38155891 2.38155891
6.05000000 2.28713991 2.35810156 2.35786201 2.35786201
6.06000000 2.26426851 2.33463845 2.33440089 2.33440089
6.07000000 2.24162582 2.31140880 2.31117321 2.31117321
6.08000000 2.21920956 2.28841028 2.28817665 2.28817665
6.09000000 2.19701747 2.26564060 2.26540892 2.26540891
6.10000000 2.17504729 2.24309747 2.24286772 2.24286772
6.11000000 2.15329682 2.22077865 2.22055081 2.22055081
6.12000000 2.13176385 2.19868191 2.19845596 2.19845596
6.13000000 2.11044621 2.17680502 2.17658096 2.17658096
6.14000000 2.08934175 2.15514581 2.15492362 2.15492362
6.15000000 2.06844833 2.13370211 2.13348177 2.13348177
6.16000000 2.04776385 2.11247177 2.11225327 2.11225327
6.17000000 2.02728621 2.09145268 2.09123600 2.09123600
6.18000000 2.00701335 2.07064273 2.07042786 2.07042785
6.19000000 1.98694322 2.05003983 2.04982675 2.04982675
6.20000000 1.96707378 2.02964193 2.02943064 2.02943064
6.21000000 1.94740305 2.00944700 2.00923747 2.00923746
6.22000000 1.92792902 1.98945300 1.98924522 1.98924522
6.23000000 1.90864973 1.96965794 1.96945190 1.96945190
6.24000000 1.88956323 1.95005985 1.94985552 1.94985552
6.25000000 1.87066760 1.93065675 1.93045414 1.93045414
6.26000000 1.85196092 1.91144672 1.91124580 1.91124580
6.27000000 1.83344131 1.89242782 1.89222858 1.89222858
6.28000000 1.81510690 1.87359816 1.87340060 1.87340059
6.29000000 1.79695583 1.85495586 1.85475995 1.85475995
6.30000000 1.77898627 1.83649905 1.83630478 1.83630478
6.31000000 1.76119641 1.81822589 1.81803324 1.81803324
6.32000000 1.74358444 1.80013454 1.79994351 1.79994351
6.33000000 1.72614860 1.78222320 1.78203377 1.78203377
6.34000000 1.70888711 1.76449008 1.76430224 1.76430224
6.35000000 1.69179824 1.74693340 1.74674714 1.74674714
6.36000000 1.67488026 1.72955141 1.72936671 1.72936671
6.37000000 1.65813146 1.71234238 1.71215923 1.71215923
6.38000000 1.64155014 1.69530457 1.69512296 1.69512296
6.39000000 1.62513464 1.67843629 1.67825620 1.67825620
6.40000000 1.60888329 1.66173585 1.66155727 1.66155727
6.41000000 1.59279446 1.64520158 1.64502450 1.64502450
6.42000000 1.57686652 1.62883182 1.62865624 1.62865623
6.43000000 1.56109785 1.61262495 1.61245084 1.61245083
6.44000000 1.54548687 1.59657933 1.59640668 1.59640668
6.45000000 1.53003200 1.58069336 1.58052217 1.58052217
6.46000000 1.51473168 1.56496546 1.56479571 1.56479571
6.47000000 1.49958437 1.54939406 1.54922573 1.54922573
6.48000000 1.48458852 1.53397759 1.53381068 1.53381068
6.49000000 1.46974264 1.51871451 1.51854901 1.51854901
6.50000000 1.45504521 1.50360330 1.50343919 1.50343919
6.51000000 1.44049476 1.48864245 1.48847972 1.48847972
6.52000000 1.42608981 1.47383046 1.47366910 1.47366910
6.53000000 1.41182891 1.45916584 1.45900585 1.45900585
6.54000000 1.39771063 1.44464714 1.44448850 1.44448850
6.55000000 1.38373352 1.43027290 1.43011560 1.43011560
6.56000000 1.36989618 1.41604169 1.41588571 1.41588571
6.57000000 1.35619722 1.40195207 1.40179741 1.40179741
6.58000000 1.34263525 1.38800265 1.38784930 1.38784929
6.59000000 1.32920890 1.37419202 1.37403996 1.37403996
6.60000000 1.31591681 1.36051881 1.36036804 1.36036804
6.61000000 1.30275764 1.34698165 1.34683215 1.34683215
6.62000000 1.28973006 1.33357918 1.33343095 1.33343095
6.63000000 1.27683276 1.32031007 1.32016309 1.32016309
6.64000000 1.26406444 1.30717299 1.30702724 1.30702724
6.65000000 1.25142379 1.29416661 1.29402211 1.29402211
6.66000000 1.23890955 1.28128966 1.28114637 1.28114637
6.67000000 1.22652046 1.26854082 1.26839875 1.26839875
6.68000000 1.21425525 1.25591884 1.25577797 1.25577797
6.69000000 1.20211270 1.24342245 1.24328277 1.24328277
6.70000000 1.19009157 1.23105040 1.23091190 1.23091190
6.71000000 1.17819066 1.21880145 1.21866413 1.21866412
6.72000000 1.16640875 1.20667437 1.20653821 1.20653821
6.73000000 1.15474466 1.19466796 1.19453296 1.19453296
6.74000000 1.14319722 1.18278102 1.18264716 1.18264716
6.75000000 1.13176525 1.17101234 1.17087962 1.17087962
6.76000000 1.12044759 1.15936077 1.15922917 1.15922917
6.77000000 1.10924312 1.14782513 1.14769465 1.14769465
6.78000000 1.09815069 1.13640427 1.13627490 1.13627490
6.79000000 1.08716918 1.12509705 1.12496877 1.12496877
6.80000000 1.07629749 1.11390233 1.11377515 1.11377515
6.81000000 1.06553451 1.10281901 1.10269290 1.10269290
6.82000000 1.05487917 1.09184596 1.09172092 1.09172092
6.83000000 1.04433038 1.08098209 1.08085812 1.08085812
6.84000000 1.03388707 1.07022632 1.07010340 1.07010340
6.85000000 1.02354820 1.05957757 1.05945569 1.05945569
6.86000000 1.01331272 1.04903477 1.04891393 1.04891393
6.87000000 1.00317959 1.03859687 1.03847707 1.03847706
6.88000000 0.99314780 1.02826283 1.02814405 1.02814405
6.89000000 0.98321632 1.01803162 1.01791384 1.01791384
6.90000000 0.97338415 1.00790220 1.00778543 1.00778543
6.91000000 0.96365031 0.99787358 0.99775780 0.99775780
6.92000000 0.95401381 0.98794473 0.98782994 0.98782994
6.93000000 0.94447367 0.97811468 0.97800087 0.97800087
6.94000000 0.93502894 0.96838244 0.96826960 0.96826960
6.95000000 0.92567865 0.95874704 0.95863515 0.95863515
6.96000000 0.91642186 0.94920751 0.94909658 0.94909657
6.97000000 0.90725764 0.93976289 0.93965291 0.93965291
6.98000000 0.89818506 0.93041225 0.93030320 0.93030320
6.99000000 0.88920321 0.92115465 0.92104653 0.92104653
7.00000000 0.88031118 0.91198916 0.91188197 0.91188197
7.01000000 0.87150807 0.90291487 0.90280859 0.90280859
7.02000000 0.86279299 0.89393086 0.89382549 0.89382549
7.03000000 0.85416506 0.88503625 0.88493178 0.88493178
7.04000000 0.84562341 0.87623014 0.87612656 0.87612656
7.05000000 0.83716717 0.86751165 0.86740896 0.86740896
7.06000000 0.82879550 0.85887991 0.85877809 0.85877809
7.07000000 0.82050755 0.85033406 0.85023311 0.85023311
7.08000000 0.81230247 0.84187323 0.84177315 0.84177315
7.09000000 0.80417945 0.83349659 0.83339737 0.83339737
7.10000000 0.79613765 0.82520330 0.82510492 0.82510492
7.11000000 0.78817628 0.81699253 0.81689499 0.81689499
7.12000000 0.78029451 0.80886345 0.80876675 0.80876675
7.13000000 0.77249157 0.80081526 0.80071939 0.80071939
7.14000000 0.76476665 0.79284715 0.79275210 0.79275210
7.15000000 0.75711899 0.78495832 0.78486408 0.78486408
7.16000000 0.74954780 0.77714799 0.77705455 0.77705455
7.17000000 0.74205232 0.76941536 0.76932273 0.76932273
7.18000000 0.73463180 0.76175968 0.76166784 0.76166784
7.19000000 0.72728548 0.75418017 0.75408912 0.75408912
7.20000000 0.72001262 0.74667608 0.74658581 0.74658581
7.21000000 0.71281250 0.73924665 0.73915716 0.73915716
7.22000000 0.70568437 0.73189115 0.73180242 0.73180242
7.23000000 0.69862753 0.72460883 0.72452086 0.72452086
7.24000000 0.69164125 0.71739897 0.71731176 0.71731176
7.25000000 0.68472484 0.71026085 0.71017439 0.71017439
7.26000000 0.67787759 0.70319376 0.70310804 0.70310804
7.27000000 0.67109882 0.69619698 0.69611199 0.69611199
7.28000000 0.66438783 0.68926982 0.68918556 0.68918556
7.29000000 0.65774395 0.68241158 0.68232805 0.68232805
7.30000000 0.65116651 0.67562159 0.67553878 0.67553878
7.31000000 0.64465484 0.66889915 0.66881705 0.66881705
7.32000000 0.63820830 0.66224361 0.66216221 0.66216221
7.33000000 0.63182621 0.65565428 0.65557359 0.65557359
7.34000000 0.62550795 0.64913052 0.64905052 0.64905052
7.35000000 0.61925287 0.64267168 0.64259236 0.64259236
7.36000000 0.61306034 0.63627709 0.63619846 0.63619846
7.37000000 0.60692974 0.62994614 0.62986818 0.62986818
7.38000000 0.60086044 0.62367817 0.62360089 0.62360089
7.39000000 0.59485184 0.61747257 0.61739595 0.61739595
7.40000000 0.58890332 0.61132872 0.61125276 0.61125276
7.41000000 0.58301429 0.60524600 0.60517069 0.60517069
7.42000000 0.57718414 0.59922380 0.59914915 0.59914915
7.43000000 0.57141230 0.59326153 0.59318751 0.59318751
7.44000000 0.56569818 0.58735857 0.58728520 0.58728520
7.45000000 0.56004120 0.58151436 0.58144161 0.58144161
7.46000000 0.55444079 0.57572829 0.57565617 0.57565617
7.47000000 0.54889638 0.56999979 0.56992830 0.56992830
7.48000000 0.54340741 0.56432829 0.56425742 0.56425742
7.49000000 0.53797334 0.55871323 0.55864296 0.55864296
7.50000000 0.53259361 0.55315403 0.55308437 0.55308437
7.51000000 0.52726767 0.54765015 0.54758109 0.54758109
7.52000000 0.52199499 0.54220103 0.54213257 0.54213257
7.53000000 0.51677504 0.53680613 0.53673826 0.53673826
7.54000000 0.51160729 0.53146491 0.53139762 0.53139762
7.55000000 0.50649122 0.52617683 0.52611013 0.52611013
7.56000000 0.50142631 0.52094137 0.52087524 0.52087524
7.57000000 0.49641204 0.51575801 0.51569245 0.51569245
7.58000000 0.49144792 0.51062621 0.51056122 0.51056122
7.59000000 0.48653344 0.50554548 0.50548105 0.50548105
7.60000000 0.48166811 0.50051531 0.50045143 0.50045143
7.61000000 0.47685143 0.49553518 0.49547186 0.49547186
7.62000000 0.47208292 0.49060460 0.49054183 0.49054183
7.63000000 0.46736209 0.48572309 0.48566086 0.48566086
7.64000000 0.46268847 0.48089014 0.48082845 0.48082845
7.65000000 0.45806158 0.47610529 0.47604413 0.47604413
7.66000000 0.45348096 0.47136804 0.47130741 0.47130741
7.67000000 0.44894615 0.46667793 0.46661782 0.46661782
7.68000000 0.44445669 0.46203448 0.46197490 0.46197490
7.69000000 0.44001213 0.45743724 0.45737817 0.45737817
7.70000000 0.43561201 0.45288574 0.45282718 0.45282718
7.71000000 0.43125589 0.44837952 0.44832148 0.44832148
7.72000000 0.42694333 0.44391815 0.44386060 0.44386060
7.73000000 0.42267389 0.43950116 0.43944412 0.43944412
7.74000000 0.41844715 0.43512813 0.43507158 0.43507158
7.75000000 0.41426268 0.43079860 0.43074254 0.43074254
7.76000000 0.41012006 0.42651215 0.42645658 0.42645658
7.77000000 0.40601886 0.42226836 0.42221327 0.42221327
7.78000000 0.40195867 0.41806679 0.41801217 0.41801217
7.79000000 0.39793908 0.41390702 0.41385288 0.41385288
7.80000000 0.39395969 0.40978865 0.40973498 0.40973498
7.81000000 0.39002009 0.40571125 0.40565805 0.40565805
7.82000000 0.38611989 0.40167443 0.40162168 0.40162168
7.83000000 0.38225869 0.39767776 0.39762548 0.39762548
7.84000000 0.37843611 0.39372087 0.39366904 0.39366904
7.85000000 0.37465174 0.38980335 0.38975197 0.38975197
7.86000000 0.37090523 0.38592480 0.38587387 0.38587387
7.87000000 0.36719617 0.38208485 0.38203436 0.38203436
7.88000000 0.36352421 0.37828311 0.37823306 0.37823306
7.89000000 0.35988897 0.37451919 0.37446958 0.37446957
7.90000000 0.35629008 0.37079273 0.37074354 0.37074354
7.91000000 0.35272718 0.36710334 0.36705458 0.36705458
7.92000000 0.34919991 0.36345066 0.36340233 0.36340233
7.93000000 0.34570791 0.35983433 0.35978641 0.35978641
7.94000000 0.34225083 0.35625397 0.35620648 0.35620648
7.95000000 0.33882832 0.35270925 0.35266216 0.35266216
7.96000000 0.33544004 0.34919979 0.34915312 0.34915312
7.97000000 0.33208564 0.34572525 0.34567899 0.34567899
7.98000000 0.32876478 0.34228529 0.34223942 0.34223942
7.99000000 0.32547713 0.33887955 0.33883408 0.33883408
8.00000000 0.32222236 0.33550770 0.33546263 0.33546263
8.01000000 0.31900014 0.33216939 0.33212472 0.33212472
8.02000000 0.31581014 0.32886431 0.32882002 0.32882002
8.03000000 0.31265204 0.32559211 0.32554821 0.32554821
8.04000000 0.30952552 0.32235247 0.32230895 0.32230895
8.05000000 0.30643026 0.31914506 0.31910192 0.31910192
8.06000000 0.30336596 0.31596957 0.31592681 0.31592681
8.07000000 0.30033230 0.31282567 0.31278328 0.31278328
8.08000000 0.29732898 0.30971305 0.30967104 0.30967104
8.09000000 0.29435569 0.30663141 0.30658976 0.30658976
8.10000000 0.29141213 0.30358043 0.30353914 0.30353914
8.11000000 0.28849801 0.30055980 0.30051887 0.30051887
8.12000000 0.28561303 0.29756923 0.29752866 0.29752866
8.13000000 0.28275690 0.29460842 0.29456820 0.29456820
8.14000000 0.27992933 0.29167706 0.29163720 0.29163720
8.15000000 0.27713004 0.28877488 0.28873536 0.28873536
8.16000000 0.27435873 0.28590157 0.28586239 0.28586239
8.17000000 0.27161515 0.28305685 0.28301802 0.28301802
8.18000000 0.26889900 0.28024043 0.28020194 0.28020194
8.19000000 0.26621001 0.27745204 0.27741388 0.27741388
8.20000000 0.26354791 0.27469139 0.27465357 0.27465357
8.21000000 0.26091243 0.27195821 0.27192072 0.27192072
8.22000000 0.25830330 0.26925223 0.26921507 0.26921506
8.23000000 0.25572027 0.26657317 0.26653633 0.26653633
8.24000000 0.25316307 0.26392076 0.26388425 0.26388425
8.25000000 0.25063144 0.26129475 0.26125856 0.26125856
8.26000000 0.24812512 0.25869487 0.25865899 0.25865899
8.27000000 0.24564387 0.25612086 0.25608529 0.25608529
8.28000000 0.24318743 0.25357245 0.25353720 0.25353720
8.29000000 0.24075556 0.25104941 0.25101446 0.25101446
8.30000000 0.23834800 0.24855147 0.24851683 0.24851683
8.31000000 0.23596452 0.24607838 0.24604404 0.24604404
8.32000000 0.23360488 0.24362990 0.24359586 0.24359586
8.33000000 0.23126883 0.24120578 0.24117205 0.24117204
8.34000000 0.22895614 0.23880578 0.23877234 0.23877234
8.35000000 0.22666658 0.23642967 0.23639652 0.23639652
8.36000000 0.22439991 0.23407719 0.23404433 0.23404433
8.37000000 0.22215591 0.23174812 0.23171555 0.23171555
8.38000000 0.21993435 0.22944223 0.22940995 0.22940995
8.39000000 0.21773501 0.22715928 0.22712728 0.22712728
8.40000000 0.21555766 0.22489904 0.22486732 0.22486732
8.41000000 0.21340208 0.22266130 0.22262986 0.22262986
8.42000000 0.21126806 0.22044582 0.22041465 0.22041465
8.43000000 0.20915538 0.21825238 0.21822149 0.21822149
8.44000000 0.20706383 0.21608077 0.21605015 0.21605015
8.45000000 0.20499319 0.21393077 0.21390042 0.21390042
8.46000000 0.20294326 0.21180216 0.21177207 0.21177207
8.47000000 0.20091383 0.20969473 0.20966490 0.20966490
8.48000000 0.19890469 0.20760826 0.20757870 0.20757870
8.49000000 0.19691564 0.20554256 0.20551326 0.20551326
8.50000000 0.19494648 0.20349741 0.20346837 0.20346837
8.51000000 0.19299702 0.20147261 0.20144383 0.20144382
8.52000000 0.19106705 0.19946796 0.19943943 0.19943943
8.53000000 0.18915638 0.19748325 0.19745497 0.19745497
8.54000000 0.18726482 0.19551830 0.19549026 0.19549026
8.55000000 0.18539217 0.19357289 0.19354510 0.19354510
8.56000000 0.18353825 0.19164684 0.19161929 0.19161929
8.57000000 0.18170286 0.18973995 0.18971265 0.18971265
8.58000000 0.17988583 0.18785204 0.18782498 0.18782498
8.59000000 0.17808698 0.18598291 0.18595609 0.18595609
8.60000000 0.17630611 0.18413238 0.18410579 0.18410579
8.61000000 0.17454305 0.18230027 0.18227391 0.18227391
8.62000000 0.17279761 0.18048638 0.18046025 0.18046025
8.63000000 0.17106964 0.17869054 0.17866465 0.17866465
8.64000000 0.16935894 0.17691257 0.17688690 0.17688690
8.65000000 0.16766535 0.17515229 0.17512685 0.17512685
8.66000000 0.16598870 0.17340952 0.17338431 0.17338431
8.67000000 0.16432881 0.17168410 0.17165910 0.17165910
8.68000000 0.16268552 0.16997584 0.16995107 0.16995107
8.69000000 0.16105867 0.16828458 0.16826003 0.16826003
8.70000000 0.15944808 0.16661015 0.16658581 0.16658581
8.71000000 0.15785360 0.16495238 0.16492825 0.16492825
8.72000000 0.15627507 0.16331110 0.16328719 0.16328719
8.73000000 0.15471231 0.16168616 0.16166246 0.16166246
8.74000000 0.15316519 0.16007738 0.16005389 0.16005389
8.75000000 0.15163354 0.15848461 0.15846133 0.15846133
8.76000000 0.15011720 0.15690769 0.15688461 0.15688461
8.77000000 0.14861603 0.15534646 0.15532358 0.15532358
8.78000000 0.14712987 0.15380076 0.15377809 0.15377809
8.79000000 0.14565857 0.15227044 0.15224797 0.15224797
8.80000000 0.14420199 0.15075535 0.15073308 0.15073308
8.81000000 0.14275997 0.14925533 0.14923326 0.14923326
8.82000000 0.14133237 0.14777024 0.14774836 0.14774836
8.83000000 0.13991904 0.14629993 0.14627824 0.14627824
8.84000000 0.13851985 0.14484425 0.14482275 0.14482275
8.85000000 0.13713466 0.14340305 0.14338174 0.14338174
8.86000000 0.13576331 0.14197619 0.14195506 0.14195506
8.87000000 0.13440568 0.14056352 0.14054259 0.14054259
8.88000000 0.13306162 0.13916492 0.13914417 0.13914417
8.89000000 0.13173100 0.13778022 0.13775966 0.13775966
8.90000000 0.13041369 0.13640931 0.13638893 0.13638893
8.91000000 0.12910956 0.13505204 0.13503183 0.13503183
8.92000000 0.12781846 0.13370827 0.13368824 0.13368824
8.93000000 0.12654028 0.13237787 0.13235802 0.13235802
8.94000000 0.12527487 0.13106071 0.13104104 0.13104104
8.95000000 0.12402212 0.12975666 0.12973716 0.12973716
8.96000000 0.12278190 0.12846558 0.12844625 0.12844625
8.97000000 0.12155408 0.12718735 0.12716819 0.12716819
8.98000000 0.12033854 0.12592183 0.12590285 0.12590285
8.99000000 0.11913516 0.12466891 0.12465009 0.12465009
9.00000000 0.11794381 0.12342846 0.12340980 0.12340980
9.01000000 0.11676437 0.12220034 0.12218186 0.12218186
9.02000000 0.11559672 0.12098445 0.12096613 0.12096613
9.03000000 0.11444076 0.11978065 0.11976249 0.11976249
9.04000000 0.11329635 0.11858884 0.11857084 0.11857084
9.05000000 0.11216339 0.11740888 0.11739104 0.11739104
9.06000000 0.11104175 0.11624066 0.11622298 0.11622298
9.07000000 0.10993133 0.11508407 0.11506654 0.11506654
9.08000000 0.10883202 0.11393898 0.11392161 0.11392161
9.09000000 0.10774370 0.11280529 0.11278807 0.11278807
9.10000000 0.10666626 0.11168287 0.11166581 0.11166581
9.11000000 0.10559960 0.11057163 0.11055472 0.11055472
9.12000000 0.10454361 0.10947144 0.10945468 0.10945468
9.13000000 0.10349817 0.10838220 0.10836559 0.10836559
9.14000000 0.10246319 0.10730380 0.10728733 0.10728733
9.15000000 0.10143856 0.10623612 0.10621980 0.10621980
9.16000000 0.10042417 0.10517908 0.10516290 0.10516290
9.17000000 0.09941993 0.10413254 0.10411651 0.10411651
9.18000000 0.09842573 0.10309642 0.10308053 0.10308053
9.19000000 0.09744147 0.10207062 0.10205486 0.10205486
9.20000000 0.09646706 0.10105501 0.10103940 0.10103940
9.21000000 0.09550239 0.10004952 0.10003404 0.10003404
9.22000000 0.09454736 0.09905402 0.09903869 0.09903869
9.23000000 0.09360189 0.09806843 0.09805324 0.09805324
9.24000000 0.09266587 0.09709265 0.09707759 0.09707759
9.25000000 0.09173921 0.09612658 0.09611165 0.09611165
9.26000000 0.09082182 0.09517012 0.09515533 0.09515533
9.27000000 0.08991360 0.09422318 0.09420851 0.09420851
9.28000000 0.08901447 0.09328566 0.09327112 0.09327112
9.29000000 0.08812432 0.09235747 0.09234306 0.09234306
9.30000000 0.08724308 0.09143851 0.09142423 0.09142423
9.31000000 0.08637065 0.09052870 0.09051455 0.09051455
9.32000000 0.08550694 0.08962794 0.08961391 0.08961391
9.33000000 0.08465187 0.08873614 0.08872224 0.08872224
9.34000000 0.08380535 0.08785321 0.08783944 0.08783944
9.35000000 0.08296730 0.08697907 0.08696542 0.08696542
9.36000000 0.08213763 0.08611363 0.08610010 0.08610010
9.37000000 0.08131625 0.08525680 0.08524339 0.08524339
9.38000000 0.08050309 0.08440850 0.08439520 0.08439520
9.39000000 0.07969806 0.08356863 0.08355546 0.08355546
9.40000000 0.07890108 0.08273712 0.08272407 0.08272407
9.41000000 0.07811206 0.08191389 0.08190095 0.08190095
9.42000000 0.07733094 0.08109885 0.08108602 0.08108602
9.43000000 0.07655763 0.08029191 0.08027920 0.08027920
9.44000000 0.07579206 0.07949301 0.07948041 0.07948041
9.45000000 0.07503414 0.07870205 0.07868957 0.07868957
9.46000000 0.07428380 0.07791897 0.07790659 0.07790659
9.47000000 0.07354096 0.07714367 0.07713141 0.07713141
9.48000000 0.07280555 0.07637609 0.07636394 0.07636394
9.49000000 0.07207749 0.07561615 0.07560410 0.07560410
9.50000000 0.07135672 0.07486377 0.07485183 0.07485183
9.51000000 0.07064315 0.07411888 0.07410704 0.07410704
9.52000000 0.06993672 0.07338139 0.07336966 0.07336966
9.53000000 0.06923735 0.07265125 0.07263962 0.07263962
9.54000000 0.06854498 0.07192837 0.07191685 0.07191685
9.55000000 0.06785953 0.07121268 0.07120126 0.07120126
9.56000000 0.06718093 0.07050412 0.07049280 0.07049280
9.57000000 0.06650912 0.06980260 0.06979138 0.06979138
9.58000000 0.06584403 0.06910806 0.06909695 0.06909695
9.59000000 0.06518559 0.06842044 0.06840942 0.06840942
9.60000000 0.06453374 0.06773966 0.06772874 0.06772874
9.61000000 0.06388840 0.06706565 0.06705482 0.06705482
9.62000000 0.06324952 0.06639834 0.06638762 0.06638762
9.63000000 0.06261702 0.06573768 0.06572705 0.06572705
9.64000000 0.06199085 0.06508359 0.06507305 0.06507305
9.65000000 0.06137094 0.06443601 0.06442557 0.06442557
9.66000000 0.06075723 0.06379487 0.06378452 0.06378452
9.67000000 0.06014966 0.06316011 0.06314986 0.06314986
9.68000000 0.05954816 0.06253167 0.06252150 0.06252150
9.69000000 0.05895268 0.06190948 0.06189940 0.06189940
9.70000000 0.05836315 0.06129348 0.06128350 0.06128350
9.71000000 0.05777952 0.06068361 0.06067371 0.06067371
9.72000000 0.05720173 0.06007981 0.06007000 0.06007000
9.73000000 0.05662971 0.05948201 0.05947229 0.05947229
9.74000000 0.05606341 0.05889017 0.05888053 0.05888053
9.75000000 0.05550278 0.05830421 0.05829466 0.05829466
9.76000000 0.05494775 0.05772408 0.05771462 0.05771462
9.77000000 0.05439827 0.05714973 0.05714035 0.05714035
9.78000000 0.05385429 0.05658109 0.05657180 0.05657180
9.79000000 0.05331575 0.05601811 0.05600890 0.05600890
9.80000000 0.05278259 0.05546073 0.05545160 0.05545160
9.81000000 0.05225477 0.05490889 0.05489985 0.05489985
9.82000000 0.05173222 0.05436255 0.05435358 0.05435358
9.83000000 0.05121490 0.05382164 0.05381276 0.05381276
9.84000000 0.05070275 0.05328612 0.05327731 0.05327731
9.85000000 0.05019572 0.05275592 0.05274719 0.05274719
9.86000000 0.04969376 0.05223100 0.05222235 0.05222235
9.87000000 0.04919682 0.05171130 0.05170273 0.05170273
9.88000000 0.04870486 0.05119677 0.05118828 0.05118828
9.89000000 0.04821781 0.05068736 0.05067895 0.05067895
9.90000000 0.04773563 0.05018302 0.05017468 0.05017468
9.91000000 0.04725827 0.04968370 0.04967544 0.04967544
9.92000000 0.04678569 0.04918935 0.04918116 0.04918116
9.93000000 0.04631783 0.04869992 0.04869180 0.04869180
9.94000000 0.04585465 0.04821535 0.04820730 0.04820730
9.95000000 0.04539611 0.04773561 0.04772763 0.04772763
9.96000000 0.04494215 0.04726064 0.04725274 0.04725274
9.97000000 0.04449273 0.04679040 0.04678256 0.04678256
9.98000000 0.04404780 0.04632483 0.04631707 0.04631707
9.99000000 0.04360732 0.04586390 0.04585621 0.04585621
