
0.000000000000	-0.000000000001
0.100000000000	0.009999999999
0.200000000000	0.039999999999
0.300000000000	0.090000000000
0.400000000000	0.160000000000
0.500000000000	0.250000000000
0.600000000000	0.360000000000
0.700000000000	0.490000000000
0.800000000000	0.640000000000
0.900000000000	0.810000000000
1.000000000000	1.000000000000
1.100000000000	1.210000000000
1.200000000000	1.440000000000
1.300000000000	1.690000000000
1.400000000000	1.960000000000
1.500000000000	2.250000000000
1.600000000000	2.560000000000
1.700000000000	2.890000000000
1.800000000000	3.240000000000
1.900000000000	3.610000000000
2.000000000000	4.000000000000
2.100000000000	4.410000000000
2.200000000000	4.840000000000
2.300000000000	5.290000000000
2.400000000000	5.760000000000
2.500000000000	6.250000000000
2.600000000000	6.760000000000
2.700000000000	7.290000000000
2.800000000000	7.840000000000
2.900000000000	8.410000000000
3.000000000000	9.000000000000
3.100000000000	9.610000000000
3.200000000000	10.240000000000
3.300000000000	10.890000000000
3.400000000000	11.560000000000
3.500000000000	12.250000000000
3.600000000000	12.960000000000
3.700000000000	13.690000000000
3.800000000000	14.440000000000
3.900000000000	15.210000000000
4.000000000000	16.000000000000
4.100000000000	16.810000000000
4.200000000000	17.640000000000
4.300000000000	18.490000000000
4.400000000000	19.360000000000
4.500000000000	20.250000000000
4.600000000000	21.160000000000
4.700000000000	22.090000000000
4.800000000000	23.040000000000
4.900000000000	24.010000000000
5.000000000000	25.000000000000
5.100000000000	26.010000000000
5.200000000000	27.040000000000
5.300000000000	28.090000000000
5.400000000000	29.160000000000
5.500000000000	30.250000000000
5.600000000000	31.360000000000
5.700000000000	32.490000000000
5.800000000000	33.640000000000
5.900000000000	34.810000000000
6.000000000000	36.000000000000
6.100000000000	37.210000000000
6.200000000000	38.440000000000
6.300000000000	39.690000000000
6.400000000000	40.960000000000
6.500000000000	42.250000000000
6.600000000000	43.560000000000
6.700000000000	44.890000000000
6.800000000000	46.240000000000
6.900000000000	47.610000000000
7.000000000000	49.000000000000
7.100000000000	50.410000000000
7.200000000000	51.840000000000
7.300000000000	53.290000000000
7.400000000000	54.760000000000
7.500000000000	56.250000000000
7.600000000000	57.760000000000
7.700000000000	59.290000000000
7.800000000000	60.840000000000
7.900000000000	62.410000000000
8.000000000000	64.000000000000
8.100000000000	65.610000000000
8.200000000000	67.240000000000
8.300000000000	68.890000000000
8.400000000000	70.560000000000
8.500000000000	72.250000000000
8.600000000000	73.960000000000
8.700000000000	75.690000000000
8.800000000000	77.440000000000
8.900000000000	79.210000000000
9.000000000000	81.000000000000
9.100000000000	82.810000000000
9.200000000000	84.640000000000
9.300000000000	86.490000000000
9.400000000000	88.360000000000
9.500000000000	90.250000000000
9.600000000000	92.160000000000
9.700000000000	94.089999999999
9.800000000000	96.040000000000
9.900000000000	98.009999999999
10.000000000000	100.000000000001
